"TOA5","CR200Series","CR200X","No_SN","CR200X.Std.02","estacaoAtual.CR2","15733","Table1"
"TIMESTAMP","RECORD","BP_mbar_Max","BP_mbar_Min","Rain_mm_Tot","AirTC_Max","AirTC_Min","RH_Max","RH_Min","SlrkJ_Tot","TdC_Max","TdC_Min","AirTC_Avg","RH_Avg","WS_ms_Avg","SlrkJ_Avg","ETo"
"TS","RN","mbar","mbar","mm","Deg C","Deg C","%","%","kJ/m^2","Deg C","Deg C","Deg C","%","meters/sec","kJ/m^2",""
"","","Max","Min","Tot","Max","Min","Max","Min","Tot","Max","Min","Avg","Avg","Avg","Avg","ETo"
"2018-09-13 16:00:00",34108,600.9249,599.8107,0,35.195,33.816,32.212,28.348,8009.418,15.37268,13.68454,34.49561,29.91212,1.713871,25.10789,0.135917
"2018-09-13 17:00:00",34109,620.3174,599.7802,0,34.626,33.407,31.988,28.73,8887.705,15.41974,13.42586,34.04122,30.0497,1.853958,24.68807,0.1621038
"2018-09-13 18:00:00",34110,620.1374,599.8077,0,33.597,32.01,31.034,29.355,8325.699,13.7475,12.48373,32.70285,30.26203,1.677709,23.12694,0.1450375
"2018-09-13 19:00:00",34111,600.8792,599.7497,0,32.029,29.47,35.384,30.609,7172.849,12.7875,12.20503,30.73297,32.53218,1.013194,19.92458,0.07221604
"2018-09-13 20:00:00",34112,619.9817,599.7802,0,29.439,28.018,51.32,35.076,4037.436,17.11856,12.34071,28.77467,41.56683,1.049931,11.2151,0.05937197
"2018-09-13 21:00:00",34113,620.1404,599.8932,0,28.009,26.068,61.144,51.343,1157.191,18.03596,17.03829,27.02425,55.9215,1.752917,3.21442,0.05998136
"2018-09-13 22:00:00",34114,620.0825,599.8229,0,26.077,24.844,70.38,61.167,1184.825,19.12271,17.99586,25.37205,66.12675,1.18882,3.29118,0.03371391
"2018-09-13 23:00:00",34115,620.2625,599.7405,0,24.864,24.022,76.73,70.41,1450.975,19.72854,19.11224,24.3923,73.67715,1.214931,4.030485,0.0264464
"2018-09-14 00:00:00",34116,620.3267,599.8565,0,24.034,23.191,81.602,76.816,1784.126,20.02516,19.70942,23.60275,79.70744,0.8995137,4.955906,0.01676925
"2018-09-14 01:00:00",34117,620.4457,599.7344,0,23.201,22.85,82.916,81.654,1939.661,19.92308,19.79867,23.0519,82.18255,1.181528,5.387946,0.01781706
"2018-09-14 02:00:00",34118,620.1313,599.826,0,22.87,22.268,84.71,82.592,1999.581,19.82405,19.57207,22.60975,83.44412,0.9131247,5.554392,0.01400976
"2018-09-14 03:00:00",34119,620.0671,599.8107,0,22.268,21.616,87.176,84.762,2101.923,19.64206,19.31447,21.99214,85.78458,0.3739584,5.838675,0.00712905
"2018-09-14 04:00:00",34120,600.0824,599.8535,0,21.606,20.141,92.105,86.796,1956.543,19.44632,18.67229,20.8063,89.64574,0,5.434843,0.002487692
"2018-09-14 05:00:00",34121,620.2625,599.7344,0,20.714,19.679,93.656,87.609,1904.836,19.16464,18.46646,20.15041,91.38389,0.03965277,5.291211,0.002696084
"2018-09-14 06:00:00",34122,620.2137,599.829,0,20.743,19.529,89.941,86.746,3432.295,18.6009,17.79278,20.12431,88.41444,0.002916667,9.534152,0.004088527
"2018-09-14 07:00:00",34123,600.6196,600.4579,0,21.997,19.198,91.398,80.378,5734.91,18.58399,17.72943,19.88219,88.91974,0,15.9303,0.01172544
"2018-09-14 08:00:00",34124,620.3206,599.8412,0,25.615,22.048,80.304,49.087,4952.623,18.65948,13.973,23.6265,68.91093,0.7015972,13.75729,0.03139517
"2018-09-14 09:00:00",34125,620.29,599.8626,0,27.798,25.336,50.193,41.633,3141.425,14.45109,13.11915,26.67426,45.25464,1.490208,8.72618,0.08675244
"2018-09-14 10:00:00",34126,600.9371,599.7497,0,29.619,27.56,42.886,37.808,5043.771,14.39795,13.21465,28.42038,40.60843,1.674583,14.01048,0.1105639
"2018-09-14 11:00:00",34127,600.9371,599.7802,0,31.659,28.548,41.275,35.292,7577.375,15.40302,13.23609,30.17851,37.6409,1.823543,21.04827,0.1331437
"2018-09-14 12:00:00",34128,620.116,599.7619,0,32.867,30.541,38.359,31.982,9558.361,15.27877,13.31628,31.44732,34.95825,1.959792,26.551,0.1537221
"2018-09-14 13:00:00",34129,620.0427,599.768,0,33.357,31.938,36.968,31.316,10397.12,16.34895,13.67037,32.594,33.44688,2.015347,28.88088,0.1651567
"2018-09-14 14:00:00",34130,619.9969,599.7344,0,34.306,32.837,34.044,30.078,10667.97,15.54022,13.79291,33.60583,31.59793,2.371806,29.63324,0.1959718
"2018-09-14 15:00:00",34131,620.1038,599.7314,0,34.914,32.957,34.24,29.056,10146.76,16.35293,13.77108,34.06467,31.05028,1.857638,28.18544,0.1630502
"2018-09-14 16:00:00",34132,620.058,599.765,0,35.253,33.916,31.424,27.792,9368.024,15.08194,13.56844,34.66206,29.39519,1.768264,26.02229,0.1598804
"2018-09-14 17:00:00",34133,620.3022,599.7527,0,35.382,33.437,30.689,27.938,8818.53,14.90339,13.41151,34.49867,29.25522,1.682291,24.49592,0.1523772
"2018-09-14 18:00:00",34134,620.2259,599.7924,0,33.507,32.1,32.435,30.242,8074.116,13.98836,13.38844,32.94967,31.03863,1.552916,22.4281,0.1350294
"2018-09-14 19:00:00",34135,600.9249,599.7344,0,32.136,29.22,38.343,32.332,6805.183,13.68503,13.42577,30.76245,35.02046,0.5230556,18.90329,0.04303072
"2018-09-14 20:00:00",34136,620.3969,599.7741,0,29.708,27.589,57.993,38.397,1649.733,18.60983,13.49884,28.65351,53.32318,2.083125,4.582592,0.0750459
"2018-09-14 21:00:00",34137,620.5647,599.7833,0,27.598,25.506,67.234,57.963,1076.773,19.01146,18.57135,26.54582,62.39418,1.572569,2.991037,0.04693138
"2018-09-14 22:00:00",34138,620.3511,599.7497,0,25.516,24.362,74.828,67.23,1153.875,19.66015,18.98729,24.89695,70.90176,1.789375,3.205208,0.03815304
"2018-09-14 23:00:00",34139,620.3969,599.7802,0,24.382,23.692,80.77,74.708,1394.974,20.28864,19.61193,24.03788,78.31937,1.173958,3.874929,0.02127579
"2018-09-15 00:00:00",34140,620.3511,599.8504,0,23.772,23.502,84.682,80.855,1602.355,20.82833,20.21631,23.63286,83.11543,1.541597,4.450985,0.02015582
"2018-09-15 01:00:00",34141,620.2625,599.7558,0,23.511,23.18,86.152,84.703,1730.705,20.87068,20.71129,23.39911,85.22997,1.730556,4.807514,0.01909995
"2018-09-15 02:00:00",34142,620.348,599.8199,0,23.201,22.619,88.441,86.094,2396.88,20.80053,20.59963,22.87441,87.62244,1.207778,6.658,0.01345083
"2018-09-15 03:00:00",34143,620.2473,599.8107,0,22.63,22.168,90.096,88.336,3046.561,20.65893,20.45387,22.39011,89.42884,1.232153,8.462668,0.01233297
"2018-09-15 04:00:00",34144,620.3174,599.7436,0,22.258,21.807,90.277,84.75,3236.331,20.48929,19.50032,22.02853,88.8798,0.798611,8.989807,0.01029847
"2018-09-15 05:00:00",34145,620.2167,599.7253,0,22.388,21.867,87.402,79.441,3293.85,19.73593,18.55249,22.17058,82.24561,1.329514,9.149582,0.01978008
"2018-09-15 06:00:00",34146,620.1313,599.7741,0,22.268,21.064,83.5,78.682,3164.822,18.70041,18.16445,21.8215,80.9732,0.9623604,8.791173,0.0170323
"2018-09-15 07:00:00",34147,600.8853,599.7344,0,22.609,21.004,83.496,76.123,3156.938,18.2264,17.78754,21.62918,79.48352,0.4517361,8.769272,0.01544428
"2018-09-15 08:00:00",34148,620.3083,599.829,0,24.754,22.609,76.158,67.648,3496.881,18.61556,18.09869,23.41916,72.93079,1.560278,9.713557,0.045484
"2018-09-15 09:00:00",34149,620.3022,599.7375,0,27.309,24.334,68.566,56.693,3521.248,18.64026,17.69043,25.67295,63.55455,2.095972,9.781244,0.07799421
"2018-09-15 10:00:00",34150,620.2869,599.7497,0,28.63,26.818,57.7,50.43,3966.496,18.18991,17.12649,27.50145,54.58574,2.405625,11.01804,0.1117731
"2018-09-15 11:00:00",34151,620.5861,599.7344,0,30.451,28.098,53.464,44.276,4673.439,18.22352,16.48689,29.16953,48.73729,2.251875,12.98178,0.1239597
"2018-09-15 12:00:00",34152,600.9158,599.7497,0,31.768,30.08,47.212,38.556,6460.566,18.01731,15.70013,30.789,42.45422,2.325624,17.94602,0.1496436
"2018-09-15 13:00:00",34153,620.4823,599.8871,0,33.448,30.9,41.485,29.341,8946.687,17.2212,13.0819,32.17589,36.99434,2.244792,24.85191,0.1670103
"2018-09-15 14:00:00",34154,620.5677,599.7802,0,35.035,32,35.69,28.538,11633.74,15.72606,12.88878,33.46849,31.14347,2.390555,32.31594,0.1999044
"2018-09-15 15:00:00",34155,620.8181,599.7985,0,35.414,33.386,33.072,26.632,11071.05,15.58659,13.09937,34.49577,29.33031,1.736528,30.75292,0.1609995
"2018-09-15 16:00:00",34156,620.8578,599.7222,0,35.292,33.806,32.604,28.81,10177.83,15.67492,13.43428,34.72609,30.14726,1.831249,28.27176,0.1647625
"2018-09-15 17:00:00",34157,620.7265,599.7711,0,35.285,33.017,33.234,28.932,9630.499,15.31816,14.08233,34.08092,30.90726,2.483473,26.75139,0.2044692
"2018-09-15 18:00:00",34158,600.9738,599.8107,0,33.308,32.06,36.341,32.966,8609.198,15.33669,14.68324,32.85046,34.38122,1.816527,23.91444,0.1474068
"2018-09-15 19:00:00",34159,600.873,599.8382,0,32.06,29.74,41.458,36.307,6755.586,15.36598,15.12365,30.93165,38.69695,0.9763886,18.76552,0.06439595
"2018-09-15 20:00:00",34160,623.5837,599.8107,0,29.76,28.66,54.527,41.456,3156.934,18.64142,15.23862,29.21312,47.98864,1.190833,8.76926,0.05813669
"2018-09-15 21:00:00",34161,620.5098,599.8901,0,28.67,26.789,61.905,54.557,1327.922,18.93867,18.61595,27.66427,58.69192,1.850417,3.688671,0.0595897
"2018-09-15 22:00:00",34162,620.0794,599.7802,0,26.796,25.576,67.73,61.905,1415.355,19.22621,18.73935,26.20453,64.29236,1.446736,3.931541,0.0419772
"2018-09-15 23:00:00",34163,620.4579,599.765,0,25.576,24.394,76.023,67.73,1598.621,19.91737,19.18678,24.87041,72.62142,1.180625,4.440615,0.02737058
"2018-09-16 00:00:00",34164,620.0732,599.8871,0,24.394,23.722,80.722,76.082,1753.314,20.24811,19.91818,24.05147,78.63965,0.8093057,4.870316,0.01645097
"2018-09-16 01:00:00",34165,620.0458,599.884,0,23.722,22.87,84.964,80.605,1821.217,20.29393,20.14431,23.24636,82.96697,0.1976389,5.058937,0.005495496
"2018-09-16 02:00:00",34166,620.2747,599.884,0,22.9,22.52,86.938,84.957,1772.107,20.29713,20.16538,22.65693,86.19266,0.02888889,4.92252,0.002714602
"2018-09-16 03:00:00",34167,620.4548,599.7344,0,22.71,22.228,87.644,84.359,1849.608,20.28189,19.90914,22.44269,86.64484,0.08805554,5.1378,0.003494566
"2018-09-16 04:00:00",34168,620.4976,599.7497,0,22.75,21.114,88.443,83.273,1919.529,19.92682,19.05272,22.08594,85.35037,0.02423611,5.332026,0.002823735
"2018-09-16 05:00:00",34169,600.3846,599.765,0,20823,20.222,92.714,88.199,1838.445,19.30813,-496.3899,78.33541,90.88891,0,5.106791,-0.001428612
"2018-09-16 06:00:00",34170,600.3724,600.0397,0,20.262,19.539,94.398,92.232,1788.578,19.00127,18.49224,19.77357,93.6349,0,4.968271,0.002265455
"2018-09-16 07:00:00",34171,600.3632,599.7497,0,22.84,19.418,93.535,77.863,1847.535,18.85743,18.31219,20.62839,87.82875,0,5.132042,0.004265678
"2018-09-16 08:00:00",34172,620.1679,599.7497,0,25.426,22.85,77.96,66.439,2823.839,19.06497,18.56854,24.09173,72.5555,1.029792,7.843997,0.03302921
"2018-09-16 09:00:00",34173,600.9799,599.6978,0,28.159,25.286,67.273,56.319,3440.826,19.27524,18.44123,26.75036,61.61151,1.541528,9.557849,0.06520315
"2018-09-16 10:00:00",34174,620.4121,599.8504,0,30.41,27.688,58.686,49.527,3678.502,19.47983,18.32259,29.25026,53.57538,1.413819,10.21806,0.07591239
"2018-09-16 11:00:00",34175,620.6075,599.7833,0,31.359,28.99,54.029,48.041,3563.486,19.79122,18.45586,29.94658,51.44485,1.831318,9.898573,0.09890065
"2018-09-16 12:00:00",34176,620.5006,599.9054,0,32.449,30.35,51.378,45.341,4176.687,19.81174,18.20993,31.22878,47.60976,1.874722,11.60191,0.1119498
"2018-09-16 13:00:00",34177,620.1526,599.7344,0,33.916,30.75,48.247,41.037,4895.839,19.76034,18.31845,32.2086,44.98933,2.116945,13.59955,0.133303
"2018-09-16 14:00:00",34178,620.3022,599.9054,0,35.035,32.258,44.497,38.79,6235.167,20.11797,18.34315,33.56675,41.93015,1.868889,17.31991,0.1319995
"2018-09-16 15:00:00",34179,620.1588,599.8168,0,33.787,32.041,45.321,40.82,5075.812,19.18062,18.38736,32.95179,42.82752,1.752778,14.09948,0.1199147
"2018-09-16 16:00:00",34180,620.4243,599.9207,0,35.113,32.976,43.327,38.455,5915.395,19.398,18.23478,34.03344,40.61091,2.000834,16.43165,0.1428088
"2018-09-16 17:00:00",34181,620.1038,599.7619,0,34.794,32.338,43.675,37.958,5776.931,19.03789,18.20968,33.87605,40.29434,1.815764,16.04703,0.1318496
"2018-09-16 18:00:00",34182,620.1923,599.8596,0.254,32.328,28.249,65.23,43.664,1802.965,21.18715,18.37856,29.72005,56.32465,0.5556249,5.008235,0.03094444
"2018-09-16 19:00:00",34183,600.9341,599.9298,0,30.701,28.59,59.189,49.48,1103.307,20.90303,18.76182,29.79201,54.63961,0.7254862,3.064742,0.03348596
"2018-09-16 20:00:00",34184,620.754,599.7772,0,28.76,27.418,69.894,58.433,952.4119,21.46284,19.66879,28.24512,62.88393,1.326459,2.645588,0.04268799
"2018-09-16 21:00:00",34185,620.7265,599.7344,0,27.399,26.247,74.52,69.98,1151.164,21.55598,21.33842,26.72072,72.78889,1.541458,3.197677,0.03401317
"2018-09-16 22:00:00",34186,620.4091,599.7711,0,26.257,25.626,76.144,74.168,1618.355,21.3943,20.72553,25.89963,75.04942,1.459097,4.495431,0.02986777
"2018-09-16 23:00:00",34187,620.4945,599.765,0,25.686,24.774,78.105,74.199,1901.212,20.81429,20.62376,25.28126,75.7575,1.250834,5.281144,0.02596959
"2018-09-17 00:00:00",34188,620.6563,599.7222,0,24.786,23.944,83.576,78.102,2086.586,21.08767,20.70752,24.29579,81.3409,0.1628472,5.796073,0.005616582
"2018-09-17 01:00:00",34189,620.4701,599.7772,0,23.932,23.392,87.176,83.566,2419.366,21.21413,20.94874,23.65144,85.55454,0.1153472,6.720462,0.00463842
"2018-09-17 02:00:00",34190,620.2625,599.7375,0,23.402,22.99,90.074,87.164,2765.685,21.41231,21.06433,23.17274,88.86596,0.522361,7.682458,0.00812726
"2018-09-17 03:00:00",34191,620.348,599.7436,0,23.05,22.659,92.062,90.046,3616.706,21.41225,21.27829,22.82222,91.21926,1.173819,10.04641,0.01106959
"2018-09-17 04:00:00",34192,620.2686,599.7497,0,22.75,22.148,93.898,91.634,4066.661,21.36337,21.03681,22.45099,92.94389,0.6509722,11.29628,0.007964035
"2018-09-17 05:00:00",34193,620.29,599.7344,0,22.52,22.068,93.6,90.332,4082.765,21.12734,20.77281,22.29506,91.99596,0.3225,11.34101,0.00681204
"2018-09-17 06:00:00",34194,600.8761,599.7344,0,22.088,21.788,93.332,91.644,4023.398,20.799,20.47587,21.94172,92.20289,0.2534028,11.17611,0.006278863
"2018-09-17 07:00:00",34195,620.1221,599.7344,0,23.322,21.676,92.682,86.859,4094.342,21.04426,20.40141,22.12084,91.16673,0.02027778,11.37317,0.008975513
"2018-09-17 08:00:00",34196,619.8596,599.8016,0,25.676,23.361,86.91,75.476,4397.072,21.36104,20.81789,24.63602,80.63167,0.9359723,12.21409,0.02677896
"2018-09-17 09:00:00",34197,620.2015,599.7955,0,27.728,25.705,75.98,66.613,4369.284,21.48304,20.54829,26.85643,70.29863,1.957778,12.1369,0.06463114
"2018-09-17 10:00:00",34198,620.1771,599.7344,0,29.68,27.74,67.012,56.824,4235.439,21.42159,19.87011,28.73315,61.46817,2.082152,11.76511,0.08819312
"2018-09-17 11:00:00",34199,620.0153,599.9329,0,31.34,28.42,61.21,52.777,4004.377,21.00474,19.8952,29.63328,57.37963,1.963472,11.12327,0.09325703
"2018-09-17 12:00:00",34200,620.5586,599.8138,0,33.367,29.4,57.269,44.031,4318.612,20.57816,19.07785,31.8897,48.84863,2.069374,11.99614,0.1205132
"2018-09-17 13:00:00",34201,620.3602,599.6826,0,34.486,31.38,48.916,39.394,4712.455,19.95009,18.14325,32.97233,43.73173,2.065973,13.09015,0.1347181
"2018-09-17 14:00:00",34202,620.7296,599.7222,0,35.513,32.707,43.005,34.923,7280.608,19.385,17.19734,34.42871,38.223,2.048056,20.22391,0.1547785
"2018-09-17 15:00:00",34203,620.7326,599.7009,0,35.563,34.037,37.328,33.308,9247.825,18.10225,16.52441,34.96431,35.10201,2.480904,25.6884,0.1950566
"2018-09-17 16:00:00",34204,620.5098,599.7466,0,36.041,34.466,36.473,31.618,8931.126,17.66632,16.28772,35.20993,33.7604,1.863959,24.80868,0.1580037
"2018-09-17 17:00:00",34205,620.1801,599.7497,0,35.195,34.066,36.308,32.718,8082.536,17.31327,16.0439,34.59564,34.4175,1.839513,22.45149,0.1517564
"2018-09-17 18:00:00",34206,620.2076,599.7955,0,34.566,32.828,37.213,34.294,6143.533,17.584,16.11219,33.80373,35.48682,1.313403,17.06537,0.1089304
"2018-09-17 19:00:00",34207,600.9707,599.7711,0,32.828,30.619,41.222,36.753,4140.844,16.17337,15.8922,31.76383,38.67745,0.9502084,11.50234,0.06144143
"2018-09-17 20:00:00",34208,620.1404,599.9329,0,30.63,28.478,61.189,41.253,1409.368,20.33535,15.92237,29.50603,54.88889,2.116319,3.91491,0.07487274
"2018-09-17 21:00:00",34209,620.3877,599.7497,0,28.51,26.718,65.854,61.126,1300.609,20.4333,19.77988,27.44351,64.21743,1.669098,3.612802,0.04794394
"2018-09-17 22:00:00",34210,620.0305,599.7344,0,26.726,25.615,69.539,65.519,1557.393,19.81077,19.42636,26.1245,67.09132,1.030277,4.326093,0.03039948
"2018-09-17 23:00:00",34211,620.7387,599.7985,0,25.646,24.695,74.016,69.445,1716.417,19.85509,19.5658,25.11774,71.76603,0.7736108,4.767824,0.02093234
"2018-09-18 00:00:00",34212,620.4609,599.7802,0,24.735,23.993,78.516,73.957,1985.702,20.07018,19.78368,24.38205,76.23182,1.241249,5.515839,0.02484351
"2018-09-18 01:00:00",34213,620.3633,599.7344,0,24.012,23.552,81.968,78.516,2113.631,20.35946,20.03488,23.74641,80.35276,1.061319,5.871198,0.01860765
"2018-09-18 02:00:00",34214,620.5525,599.7527,0,23.562,22.88,84.688,81.906,2430.097,20.38078,20.1753,23.2789,83.22949,0.7014582,6.750268,0.01251968
"2018-09-18 03:00:00",34215,619.8474,599.7497,0,23.562,22.8,84.695,76.892,3012.643,20.20014,18.95401,23.15146,80.46693,1.206598,8.368452,0.02058791
"2018-09-18 04:00:00",34216,620.1313,599.7344,0,23.612,22.72,78.474,69.406,3188.839,18.94975,17.56701,23.11291,73.98129,1.281389,8.857887,0.02766039
"2018-09-18 05:00:00",34217,600.9127,599.7497,0,22.97,22.278,72.932,70.734,2976.251,17.58007,17.2023,22.73937,71.80314,0.8591672,8.267364,0.02244625
"2018-09-18 06:00:00",34218,600.8394,599.8565,0,22.448,21.125,79.304,72.285,2726.365,17.7816,17.1678,21.85326,75.63185,0.1117361,7.573236,0.005880736
"2018-09-18 07:00:00",34219,600.7387,599.7497,0,22.268,20.422,83.984,77.812,2713.467,18.41175,17.0153,20.97936,81.00858,0.0009722223,7.537409,0.006042511
"2018-09-18 08:00:00",34220,619.9573,599.8535,0,25.676,22.248,78.154,62.914,3318.475,19.36916,17.91571,24.5596,69.09354,0.178125,9.217987,0.01311146
"2018-09-18 09:00:00",34221,620.3755,599.7344,0,27.74,25.676,63.693,55.588,3433.055,18.5057,17.67151,26.77093,58.62471,1.538681,9.536264,0.06963168
"2018-09-18 10:00:00",34222,620.4457,599.7619,0,29.708,27.018,58.203,49.589,3662.864,18.7184,17.66385,28.60513,53.20279,1.965625,10.17462,0.09908452
"2018-09-18 11:00:00",34223,620.0916,599.7497,0,31.598,29.1,52.261,45.138,4262.28,19.06915,17.65611,30.32482,48.54915,2.20382,11.83967,0.1240521
"2018-09-18 12:00:00",34224,620.5953,599.6856,0,33.238,31.32,47.203,41.406,5167.394,19.20949,17.9574,32.29529,43.69674,2.28875,14.35387,0.14606
"2018-09-18 13:00:00",34225,620.4243,599.7497,0,35.113,32.158,44.173,37.694,6405.061,19.42992,17.83055,33.55713,40.74968,2.20375,17.79184,0.154169
"2018-09-18 14:00:00",34226,620.6349,599.7009,0,35.513,33.507,41.774,35.251,7493.783,19.38768,17.36837,34.66866,37.73765,1.85125,20.81606,0.1445765
"2018-09-18 15:00:00",34227,620.061,599.7802,0,36.372,34.384,37.576,32.728,8731.723,18.82412,16.80645,35.48043,34.59505,2.010903,24.25479,0.1662601
"2018-09-18 16:00:00",34228,620.2259,599.7344,0,36.123,33.996,38.814,32.828,8143.042,18.17824,16.65486,35.09794,34.8019,1.979306,22.61956,0.161504
"2018-09-18 17:00:00",34229,620.3358,599.884,0,36.201,33.966,36.251,32.851,7206.107,17.68479,16.59562,34.90101,34.67424,1.455625,20.01696,0.1240465
"2018-09-18 18:00:00",34230,620.5128,599.7466,0,35.203,33.199,37.416,33.353,4760.552,17.01453,15.96891,33.68558,35.95512,0.8056248,13.22375,0.07031006
"2018-09-18 19:00:00",34231,620.7204,599.7802,0,33.207,29.689,59.878,35.832,2116.199,21.16866,16.00735,31.55784,47.83101,1.787708,5.878331,0.08158706
"2018-09-18 20:00:00",34232,620.2869,599.7497,0,29.701,27.54,66.902,59.847,1211.51,21.17101,20.81789,28.56037,63.897,2.554653,3.365304,0.06599393
"2018-09-18 21:00:00",34233,620.5342,599.7344,0,27.54,26.296,70.176,66.798,1543.338,20.83298,20.38677,26.8042,68.60555,2.081736,4.28705,0.04826347
"2018-09-18 22:00:00",34234,620.7509,599.7497,0,26.327,25.294,76.758,70.082,1881.447,20.953,20.42817,25.73476,73.84689,1.771111,5.226242,0.035607
"2018-09-18 23:00:00",34235,620.0427,599.7497,0,25.294,24.472,82.508,76.726,2253.253,21.35639,20.92313,24.89217,79.87692,1.616251,6.259037,0.02590743
"2018-09-19 00:00:00",34236,620.4121,599.7497,0,24.523,24.034,85.281,82.363,2555.79,21.47173,21.31381,24.26343,83.87508,0.7970139,7.099415,0.01357749
"2018-09-19 01:00:00",34237,620.5189,599.7955,0,24.093,23.792,87.014,85.195,3120.253,21.55803,21.38361,23.92741,86.14703,0.8754164,8.667369,0.01316707
"2018-09-19 02:00:00",34238,620.5708,599.7894,0,23.872,23.361,87.16,84.724,3667.734,21.53686,20.9816,23.72488,86.22576,1.092638,10.18815,0.01529213
"2018-09-19 03:00:00",34239,620.5586,599.768,0,23.502,22.82,87.014,82.55,3779.617,21.08952,20.0087,23.20195,85.15467,0.4361805,10.49894,0.009928565
"2018-09-19 04:00:00",34240,620.3755,599.7344,0,23.03,22.598,85.312,76.3,3585.838,20.37915,18.47937,22.76529,80.54283,0.5186113,9.96066,0.01260689
"2018-09-19 05:00:00",34241,619.9847,599.7344,0,22.92,21.586,81.76,75.758,3422.44,18.5202,18.33532,22.33689,78.36365,0.4779862,9.506779,0.01267683
"2018-09-19 06:00:00",34242,600.8608,599.7344,0,21.586,21.044,84.16,81.703,3300.609,18.37307,18.24731,21.21431,83.41515,0.2221528,9.168357,0.007075347
"2018-09-19 07:00:00",34243,620.4121,599.7344,0,22.589,20.743,85.207,78.324,3556.024,18.68026,18.11925,21.36619,82.80549,0.2396528,9.877846,0.01148277
"2018-09-19 08:00:00",34244,620.348,599.7741,0,25.576,22.589,78.434,66.676,4145.744,19.23157,18.60687,23.95106,73.29003,1.4075,11.51595,0.04333534
"2018-09-19 09:00:00",34245,620.4457,599.7833,0,28.108,25.416,67.31,55.74,3859.712,19.2738,18.20507,26.77547,61.40715,2.190695,10.72142,0.0877595
"2018-09-19 10:00:00",34246,600.9371,599.7497,0,29.75,27.938,56.66,49.844,3494.859,19.15846,17.7918,28.64327,53.4615,2.883195,9.707941,0.1345514
"2018-09-19 11:00:00",34247,620.4121,599.765,0,30.74,28.76,53.144,46.251,3798.757,18.80383,17.39045,29.6168,49.73584,2.787847,10.5521,0.1442368
"2018-09-19 12:00:00",34248,620.4854,599.7344,0,31.208,29.24,49.59,45.107,4209.392,18.66528,17.30296,30.35055,47.30017,2.653194,11.69276,0.1477335
"2018-09-19 13:00:00",34249,620.1526,599.7497,0,32.348,30.4,50.017,42.408,5023.708,18.92356,17.53499,31.20129,45.66968,2.394583,13.95474,0.1435648
"2018-09-19 14:00:00",34250,620.2869,599.8077,0,33.007,30.74,46.028,40.742,5567.17,19.03917,17.45378,32.01916,43.32537,2.091041,15.46436,0.1365844
"2018-09-19 15:00:00",34251,620.4335,599.7344,0,33.337,31.56,44.601,38.922,6899.032,18.89534,17.10569,32.64038,41.37316,2.134653,19.16398,0.1475728
"2018-09-19 16:00:00",34252,620.2259,599.7344,0,34.316,31.99,42.103,37.707,7064.945,18.432,17.11033,33.17732,39.7789,2.099375,19.62485,0.1508411
"2018-09-19 17:00:00",34253,620.3022,599.8443,0,33.667,31.778,42.417,37.496,5624.528,17.92244,16.74553,32.83981,39.54222,1.656458,15.62369,0.1213406
"2018-09-19 18:00:00",34254,620.0886,599.826,0,33.267,31.688,42.039,38.716,4467.998,17.61718,16.96696,32.52238,40.16112,1.373055,12.41111,0.1001296
"2018-09-19 19:00:00",34255,620.5677,599.7802,0,31.678,30.01,51.906,41.933,2204.829,19.32824,16.72009,30.75842,44.30207,0.5658333,6.124525,0.03498009
"2018-09-19 20:00:00",34256,620.7997,599.9207,0,30.279,27.839,62.32,51.902,1186.153,19.99889,19.29167,28.79475,58.13975,1.451111,3.294871,0.05223324
"2018-09-19 21:00:00",34257,620.6258,599.8718,0,27.82,26.226,71.941,62.348,1226.766,20.78791,19.9797,27.00892,67.21893,1.736945,3.407682,0.04465884
"2018-09-19 22:00:00",34258,620.4121,599.8016,0,26.218,25.056,76.945,71.941,1638.817,20.82273,20.67523,25.63358,74.44057,1.461041,4.55227,0.03038508
"2018-09-19 23:00:00",34259,620.0366,599.9207,0,25.075,24.464,78.326,76.688,2006.853,20.77184,20.4145,24.78011,77.48602,1.100348,5.574592,0.0220223
"2018-09-20 00:00:00",34260,620.4792,599.7711,0,24.494,23.993,81.742,78.138,2406.782,20.69622,20.33443,24.24186,79.3454,1.40764,6.685507,0.02399349
"2018-09-20 01:00:00",34261,620.5831,599.7466,0,24.003,23.552,86.71,81.691,3103.553,21.27344,20.67174,23.7443,84.33947,1.245694,8.620981,0.01774153
"2018-09-20 02:00:00",34262,620.3267,599.8657,0,23.612,23.11,88.562,86.57,3647.627,21.39414,21.13383,23.49009,87.50479,0.8963888,10.1323,0.01269926
"2018-09-20 03:00:00",34263,620.2259,599.7497,0,23.171,22.83,89.262,87.386,3766.264,21.21424,20.78553,23.02913,88.42113,0.3620139,10.46185,0.007980598
"2018-09-20 04:00:00",34264,619.9725,599.7802,0,22.88,21.917,91.042,88.172,3483.819,20.85668,20.37941,22.36426,89.8062,0.04180556,9.677275,0.004599497
"2018-09-20 05:00:00",34265,620.2137,599.7497,0,21.997,21.566,91.012,87.533,3320.103,20.40959,19.53641,21.78156,89.01772,0.01083333,9.222509,0.004128192
"2018-09-20 06:00:00",34266,600.5433,599.7497,0,21.596,20.382,91.836,87.941,2988.319,19.58239,18.94003,20.90244,89.93562,0,8.300885,0.003615112
"2018-09-20 07:00:00",34267,600.8364,599.765,0,21.686,19.88,92.816,87.926,2762.425,19.61882,18.5147,20.38173,91.30802,0,7.673403,0.006015319
"2018-09-20 08:00:00",34268,620.2503,599.826,0,25.376,21.726,87.796,68.186,3595.901,19.94372,18.97009,23.98923,75.95464,0.5053473,9.988615,0.01975913
"2018-09-20 09:00:00",34269,620.0916,599.7344,0,27.99,25.236,68.992,56.449,3834.783,19.32827,18.03087,26.86257,60.76125,1.789166,10.65218,0.07590146
"2018-09-20 10:00:00",34270,620.2656,599.7344,0,29.458,27.608,58.503,49.691,4427.871,18.87146,17.7584,28.59818,53.74502,2.343402,12.29964,0.1146826
"2018-09-20 11:00:00",34271,620.1893,599.7222,0,31.451,28.82,53.523,43.896,5301.545,18.93387,17.50956,30.23399,48.34501,2.130347,14.72651,0.1229621
"2018-09-20 12:00:00",34272,620.4121,599.7741,0,33.417,30.22,48.47,39.807,6775.497,19.391,17.42196,31.89685,43.59135,2.211458,18.82083,0.1445465
"2018-09-20 13:00:00",34273,620.2778,599.8107,0,34.806,31.02,44.945,36.145,8709.074,18.81114,16.82501,33.06469,39.90935,2.289444,24.19187,0.1645813
"2018-09-20 14:00:00",34274,620.4335,599.8932,0,34.853,32.558,41.021,34.665,10040.87,18.83578,16.68658,33.97104,37.1751,1.99125,27.89131,0.1583516
"2018-09-20 15:00:00",34275,600.9829,599.765,0,36.391,33.417,37.925,31.908,9808.817,18.37286,16.32944,34.69289,35.07683,1.964861,27.24672,0.1625371
"2018-09-20 16:00:00",34276,620.6044,599.7497,0,35.663,34.326,34.728,32.08,9899.342,17.29929,16.14404,35.06291,33.53651,2.418055,27.49817,0.1969183
"2018-09-20 17:00:00",34277,620.6868,599.7375,0,35.453,33.775,34.535,32.068,8975.532,16.94509,15.81133,34.762,33.3848,1.79,24.93203,0.1528263
"2018-09-20 18:00:00",34278,600.9768,599.7039,0,34.095,32.648,36.833,33.529,7555.45,16.90435,15.39402,33.32397,34.90605,1.805694,20.98736,0.1445392
"2018-09-20 19:00:00",34279,620.7784,599.826,0,32.668,29.56,57.282,35.921,4487.175,20.26139,15.60698,31.39374,44.41873,1.844237,12.46438,0.09055946
"2018-09-20 20:00:00",34280,620.2289,599.7924,0,29.57,27.728,64.271,57.282,1710.841,20.40752,20.22027,28.68751,60.51101,2.193054,4.752337,0.06601931
"2018-09-20 21:00:00",34281,620.7875,599.8168,0,27.728,26.058,71.02,64.333,2059.221,20.58154,20.3885,26.79289,68.33965,1.54,5.720058,0.04022397
"2018-09-20 22:00:00",34282,620.7387,599.7863,0,26.077,25.204,74.23,70.865,2323.969,20.42572,20.25673,25.62377,72.64492,1.403889,6.45547,0.03211921
"2018-09-20 23:00:00",34283,620.2534,599.7833,0,25.236,24.424,78.174,74.113,2558.015,20.4698,20.28775,24.89821,75.90395,1.761528,7.105597,0.03258704
"2018-09-21 00:00:00",34284,620.4091,599.8718,0,24.434,24.003,82.344,78.105,2719.8,20.85814,20.32984,24.2504,80.09955,1.295972,7.555,0.02228098
"2018-09-21 01:00:00",34285,619.9084,599.7863,0,24.003,23.511,85.775,82.336,3073.443,21.04899,20.80503,23.77167,84.1302,1.282778,8.537341,0.01824041
"2018-09-21 02:00:00",34286,620.2869,599.7497,0,23.562,23.11,86.781,83.554,3731.224,21.0472,20.41512,23.33123,85.80482,1.271389,10.36451,0.01688999
"2018-09-21 03:00:00",34287,619.9207,599.826,0,23.392,22.048,91.074,81.691,3865.411,20.75174,19.6738,22.73692,86.53494,0.5038888,10.73725,0.01002481
"2018-09-21 04:00:00",34288,620.1404,599.829,0,23.191,22.598,81.664,76.531,3995.764,19.68807,18.61078,22.93526,79.22149,1.471874,11.09934,0.02518126
"2018-09-21 05:00:00",34289,600.9219,599.7497,0,22.74,22.188,78.722,77.418,3867.673,18.64098,18.15105,22.35433,78.09061,1.27132,10.74354,0.02369169
"2018-09-21 06:00:00",34290,620.3572,599.765,0,22.218,21.396,80.707,77.714,3700.347,18.16652,17.93148,21.71322,79.53163,0.3688196,10.27874,0.01067634
"2018-09-21 07:00:00",34291,620.4548,599.7497,0,22.609,21.194,81.43,77.426,3639.609,18.49351,17.84303,21.6154,80.17446,0,10.11002,0.007918962
"2018-09-21 08:00:00",34292,600.9036,599.8718,0,25.917,22.589,77.306,64.898,4189.75,19.2393,18.40447,24.34051,71.28178,0.1945139,11.63819,0.01490118
"2018-09-21 09:00:00",34293,600.9219,599.7802,0,27.72,25.447,66.688,58.904,4269.872,19.38427,18.4181,26.66645,62.4124,1.650764,11.86075,0.06910227
"2018-09-21 10:00:00",34294,620.0794,599.7344,0,29.77,27.368,61.388,49.512,4332.909,19.37381,17.90143,28.65053,54.37924,2.196527,12.03586,0.1074065
"2018-09-21 11:00:00",34295,620.58,599.7772,0,31.728,28.76,53.019,41.892,3952.129,18.9759,16.86642,30.10593,48.63578,2.559376,10.97814,0.1388616
"2018-09-21 12:00:00",34296,619.9207,599.7344,0,32.917,30.65,46.638,37.188,5782.77,18.50401,16.23766,31.8966,41.77927,2.466944,16.06325,0.1604166
"2018-09-21 13:00:00",34297,620.6899,599.7344,0,34.197,32.408,40.608,35.285,7909.068,17.96799,16.27456,33.35008,37.78376,2.427363,21.96963,0.1770349
"2018-09-21 14:00:00",34298,620.2808,599.9023,0,34.953,33.456,38.978,33.103,8968.798,18.00528,16.1018,34.10119,35.92992,2.512988,24.91333,0.1915307
"2018-09-21 15:00:00",34299,600.9463,599.7497,0,35.702,33.677,37.108,31.554,9812.347,17.6671,15.52069,34.78896,33.50385,2.378541,27.25652,0.1934212
"2018-09-21 16:00:00",34300,620.5098,599.6765,0,35.912,33.884,34.763,30.258,9264.006,17.33055,15.10884,35.02858,32.73769,2.128541,25.73335,0.1783786
"2018-09-21 17:00:00",34301,600.9677,599.8993,0,35.593,33.736,33.396,29.912,8194.536,16.1187,14.85555,34.71178,31.51174,1.743473,22.7626,0.1515305
"2018-09-21 18:00:00",34302,620.3174,599.7344,0,35.064,32.808,35.022,30.438,7569.687,15.65152,14.9758,33.68876,33.09703,1.630764,21.02691,0.1372088
"2018-09-21 19:00:00",34303,600.9188,599.765,0,32.777,30.298,40.256,34.837,4864.771,15.34691,15.12787,31.53507,37.36736,0.4840971,13.51325,0.03782434
"2018-09-21 20:00:00",34304,620.7143,599.768,0,30.58,28.82,55.786,40.122,1787.201,19.31211,15.19752,29.78548,49.91945,1.707986,4.964447,0.07237679
"2018-09-21 21:00:00",34305,620.0214,599.826,0,28.84,26.818,64.855,55.753,1247.162,19.68794,19.08404,27.83632,59.95505,1.8675,3.46434,0.05837474
"2018-09-21 22:00:00",34306,619.9573,599.7497,0,26.818,25.474,71.443,64.851,1409.265,19.9642,19.61534,26.14202,67.76083,1.238958,3.914626,0.03399714
"2018-09-21 23:00:00",34307,620.5311,599.8016,0,25.496,24.625,75.781,71.474,1715.626,20.1236,19.95531,25.08732,73.61825,1.098472,4.765627,0.02536151
"2018-09-22 00:00:00",34308,620.6777,599.7802,0,24.644,24.022,80.441,75.691,2180.011,20.47592,20.05549,24.34562,78.12403,1.318055,6.055585,0.02410381
"2018-09-22 01:00:00",34309,620.5983,599.8107,0,24.034,23.392,87.422,80.466,2555.1,21.22884,20.44628,23.6775,83.98484,1.296528,7.097499,0.01801088
"2018-09-22 02:00:00",34310,620.1923,599.765,0,23.43,23.26,89.378,87.31,3135.482,21.5146,21.18863,23.33942,88.79168,1.119444,8.709673,0.01265838
"2018-09-22 03:00:00",34311,620.0061,599.7405,0,23.402,22.84,91.699,89.035,3672.689,21.54626,21.35366,23.11798,90.35209,0.5229167,10.20191,0.008336044
"2018-09-22 04:00:00",34312,620.3113,599.765,0,22.91,22.499,92.972,91.644,3812.011,21.52071,21.19882,22.67894,92.23021,0.1726389,10.58892,0.005667364
"2018-09-22 05:00:00",34313,620.2656,599.7344,0,22.589,21.878,93.804,88.607,3719.885,21.20838,20.29661,22.19122,92.34148,0.1943056,10.33301,0.00563083
"2018-09-22 06:00:00",34314,619.6978,599.7344,0,22.63,21.997,89.554,82.588,3893.98,20.37672,19.11559,22.19901,86.23538,0.5641667,10.81661,0.01062446
"2018-09-22 07:00:00",34315,600.8516,599.7344,0,23.602,22.038,82.844,77.277,3994.407,19.6409,18.97909,22.4374,81.62713,0.1115972,11.09558,0.01064331
"2018-09-22 08:00:00",34316,620.1374,599.7527,0,25.827,23.492,77.91,68.484,4196.86,19.9781,19.29775,24.67756,73.13015,0.4654166,11.65794,0.02162358
"2018-09-22 09:00:00",34317,620.5983,599.7497,0,27.839,25.556,69.918,58.777,3926.956,20.03711,18.82327,26.8522,63.47527,1.452292,10.90821,0.06056037
"2018-09-22 10:00:00",34318,601.7766,599.7802,0,30.01,27.678,59.349,49.766,4069.114,19.32041,18.21615,28.93282,54.16004,1.832153,11.30309,0.09312514
"2018-09-22 11:00:00",34319,620.4579,599.7497,0,31.99,29.6,51.947,44.324,4522.316,19.43396,17.85097,30.63441,48.13345,1.962708,12.56199,0.1147406
"2018-09-22 12:00:00",34320,613.5836,599.7589,0,33.636,30.67,48.337,39.125,5457.635,19.21283,17.16202,32.21927,42.94106,1.566597,15.1601,0.1086392
"2018-09-22 13:00:00",34321,620.4579,599.765,0,35.453,32.398,42.015,32.346,7373.86,18.68741,16.41535,33.64505,38.01675,1.718958,20.48294,0.1333131
"2018-09-22 14:00:00",34322,620.5555,599.8535,0,35.453,33.896,38.148,30.152,9919.229,18.16621,14.80827,34.78328,34.02022,1.921041,27.55341,0.1623965
"2018-09-22 15:00:00",34323,620.3907,599.7589,0,36.469,34.515,33.16,26.42,10713.14,16.46343,13.93971,35.59245,29.86868,1.045139,29.75872,0.1100077
"2018-09-22 16:00:00",34324,620.6044,599.8107,0,36.45,34.515,31.203,25.994,10231.33,15.74199,13.59153,35.47848,28.62172,1.564027,28.42035,0.1500375
"2018-09-22 17:00:00",34325,620.1801,599.7802,0,36.45,35.013,30.188,25.142,9171.384,15.41432,12.81165,35.72897,26.56942,0.8957644,25.47607,0.09866429
"2018-09-22 18:00:00",34326,620.7387,599.7955,0,35.931,33.328,30.512,25.754,8954.128,14.13349,12.82309,34.69796,27.99445,0.7726393,24.87258,0.08546277
"2018-09-22 19:00:00",34327,620.7875,599.7955,0,33.328,29.76,54.203,30.373,5769.135,19.54317,13.36105,31.58212,40.24493,1.534791,16.02537,0.08693339
"2018-09-22 20:00:00",34328,620.348,599.7222,0,29.77,27.548,63.449,54.205,1257.9,20.02659,19.49593,28.52315,59.00024,2.482778,3.494166,0.07342968
"2018-09-22 21:00:00",34329,620.6044,599.765,0,27.54,25.886,72.176,63.41,1471.507,20.52255,19.98834,26.54853,68.52234,1.732916,4.087518,0.04252773
"2018-09-22 22:00:00",34330,620.6441,599.7955,0,25.907,24.844,78.375,72.117,1913.698,20.89167,20.47076,25.31718,75.50966,1.629514,5.315829,0.03134621
"2018-09-22 23:00:00",34331,620.0549,599.8046,0,24.864,24.132,84.126,78.32,2486.938,21.32133,20.79915,24.49373,80.95402,1.612361,6.908161,0.02450682
"2018-09-23 00:00:00",34332,620.0794,599.8016,0,24.154,23.782,88.394,84.182,2999.27,21.77457,21.32239,23.95191,86.61018,1.748819,8.331305,0.01885489
"2018-09-23 01:00:00",34333,620.3144,599.7802,0,23.802,23.492,90.361,88.281,3810.238,21.87954,21.7226,23.61915,89.51145,1.690209,10.58399,0.01554589
"2018-09-23 02:00:00",34334,620.348,599.7955,0,23.502,23.331,90.84,90.3,4505.939,21.85264,21.69646,23.3875,90.6233,1.535416,12.5165,0.01408463
"2018-09-23 03:00:00",34335,620.293,599.8412,0,23.511,23.341,90.336,89.314,4703.688,21.76716,21.58342,23.42459,89.77193,1.505972,13.0658,0.01506018
"2018-09-23 04:00:00",34336,620.2656,599.7955,0,23.592,22.96,90.734,88.449,4793.661,21.71006,21.35351,23.31602,89.38258,1.60875,13.31572,0.01597028
"2018-09-23 05:00:00",34337,600.8669,599.7802,0,23.222,22.75,90.791,86.535,4835.892,21.53792,20.48217,22.97284,89.35907,1.523542,13.43303,0.01549458
"2018-09-23 06:00:00",34338,619.9084,599.7955,0,23.09,22.48,87.238,81.63,4821.357,20.52847,19.77387,22.8232,84.75994,2.281527,13.39266,0.02479238
"2018-09-23 07:00:00",34339,600.8883,599.7344,0,23.05,22.328,88.246,84.691,4920.332,20.40287,20.24436,22.55845,87.11159,1.890625,13.66759,0.03059942
"2018-09-23 08:00:00",34340,620.2289,599.7802,0,25.474,23.05,84.672,68.816,5167.66,20.40415,19.32683,24.19799,77.46252,2.366319,14.35461,0.05689168
"2018-09-23 09:00:00",34341,620.0183,599.7344,0,28.188,25.455,68.734,54.348,4628.896,19.45525,18.01997,26.88137,60.95738,2.656459,12.85805,0.1050031
"2018-09-23 10:00:00",34342,620.4823,599.8504,0,29.58,26.878,58.162,50.023,4235.293,18.80314,17.83036,28.5792,53.70402,2.577916,11.7647,0.1235056
"2018-09-23 11:00:00",34343,620.0671,599.7772,0,31.528,29.32,51.697,45.519,4843.8,18.93169,17.89113,30.36683,48.50122,2.425694,13.455,0.1356095
"2018-09-23 12:00:00",34344,620.3389,599.7955,0,33.167,31.07,47.604,41.146,5733.992,19.30978,17.85634,32.00317,44.58084,2.239307,15.92776,0.1418207
"2018-09-23 13:00:00",34345,620.5464,599.8168,0,34.197,32.128,44.626,38.068,7431.342,19.35748,17.69358,33.16705,41.25968,2.053263,20.64262,0.1456186
"2018-09-23 14:00:00",34346,620.2778,599.8779,0,35.394,32.988,41.853,35.597,8964.562,19.13647,17.01445,34.14735,38.28002,1.710347,24.90156,0.1367071
"2018-09-23 15:00:00",34347,620.058,599.7192,0,35.791,34.156,39.694,33.669,10561.32,18.5704,16.87324,35.02697,35.74918,1.503055,29.337,0.1330271
"2018-09-23 16:00:00",34348,620.1923,599.8107,0,36.271,34.786,36.289,32.052,11077.59,18.18977,16.29609,35.52977,33.90841,1.648125,30.77109,0.1483342
"2018-09-23 17:00:00",34349,620.5586,599.826,0,36.041,34.496,34.667,31.98,9966.262,17.49327,16.08532,35.43344,32.89273,0.8679861,27.68406,0.0912973
"2018-09-23 18:00:00",34350,620.1801,599.9115,0,35.573,33.117,35.185,32.008,9640.095,16.72269,15.51809,34.2532,33.80687,1.212777,26.77804,0.1102189
"2018-09-23 19:00:00",34351,620.7326,599.765,0,33.107,29.5,49.222,35.148,5931.268,17.97187,15.42577,31.4586,40.82276,1.324723,16.47574,0.07757179
"2018-09-23 20:00:00",34352,620.058,599.7497,0,29.5,27.258,55.305,49.219,1542.294,17.79634,17.25788,28.29988,51.80067,2.721875,4.284151,0.09080175
"2018-09-23 21:00:00",34353,620.5953,599.8046,0,27.248,25.878,61.945,55.335,1321.47,18.06418,17.3257,26.49866,58.64272,2.095138,3.67075,0.06266148
"2018-09-23 22:00:00",34354,620.8181,599.8871,0,25.917,24.774,69.828,61.884,1603.35,18.9104,18.05647,25.31944,65.47982,1.780694,4.45375,0.04583492
"2018-09-23 23:00:00",34355,619.9329,599.8565,0,24.764,24.083,78.48,69.859,2118.948,20.14252,18.90365,24.41226,74.5014,1.725,5.885965,0.03307813
"2018-09-24 00:00:00",34356,620.0122,599.7497,0,24.102,23.672,81.939,78.418,2539.758,20.48628,20.1016,23.85399,80.58504,1.753402,7.054883,0.02579707
"2018-09-24 01:00:00",34357,620.6044,599.7344,0,23.712,23.06,85.848,81.934,3008.688,20.6082,20.37383,23.36451,83.80595,1.251806,8.357468,0.01803313
"2018-09-24 02:00:00",34358,620.4945,599.7283,0,23.06,22.659,88.438,85.81,3656.115,20.75537,20.54214,22.89265,87.16833,1.060278,10.15587,0.01394267
"2018-09-24 03:00:00",34359,620.2259,599.7405,0,23.35,22.689,88.468,85.902,4072.073,20.89331,20.6853,23.09067,86.95969,0.5745835,11.31131,0.01074295
"2018-09-24 04:00:00",34360,620.5616,599.707,0,23.602,23.331,85.906,84.109,4132.035,20.89433,20.74909,23.43554,85.18122,1.248125,11.47787,0.01769673
"2018-09-24 05:00:00",34361,620.2747,599.8229,0,23.872,23.582,84.115,82.242,4277.792,20.78667,20.60421,23.78218,82.83211,1.459028,11.88276,0.02204996
"2018-09-24 06:00:00",34362,619.9695,599.71,0,23.842,23.602,83.086,81.947,4298.433,20.68336,20.49476,23.72136,82.44542,1.866667,11.94009,0.02565593
"2018-09-24 07:00:00",34363,619.9695,599.7497,0,23.802,23.552,83.291,80.73,4326.37,20.60524,20.24673,23.65788,82.10802,1.469653,12.01769,0.03281662
"2018-09-24 08:00:00",34364,620.3846,599.9451,0,24.273,23.772,80.828,79.142,4413.247,20.48088,20.22714,23.93364,80.20039,1.59361,12.25902,0.03775311
"2018-09-24 09:00:00",34365,620.3389,599.7222,0,26.266,24.284,79.322,71.949,4652.924,20.91441,20.38431,25.04481,76.14934,1.463889,12.92479,0.04256444
"2018-09-24 10:00:00",34366,620.2137,599.7344,0,27.589,26.288,71.688,64.148,4118.313,20.95298,20.08775,26.94846,67.45727,1.471597,11.43976,0.05587937
"2018-09-24 11:00:00",34367,620.2503,599.8351,0,29.869,26.976,65.863,56.21,3945.386,21.10949,19.94946,28.44826,61.26193,1.726319,10.95941,0.0753658
"2018-09-24 12:00:00",34368,619.9817,599.8718,0,32.168,29,58.708,49.242,3912.049,21.20524,19.64415,30.42109,54.03625,1.748333,10.8668,0.09193884
"2018-09-24 13:00:00",34369,600.9646,599.8657,0,33.826,30.529,53.932,42.687,4499.474,20.65656,19.16528,31.9834,48.61202,1.859236,12.49854,0.1112849
"2018-09-24 14:00:00",34370,601.0256,599.8871,0,35.154,32.128,47.97,39.457,6312.105,20.72487,18.78767,33.98866,42.62116,1.987777,17.53362,0.1383982
"2018-09-24 15:00:00",34371,620.0702,599.7375,0,36.101,33.876,41.644,35.343,8998.623,19.73672,17.59793,34.98261,38.27328,2.150902,24.99618,0.1659978
"2018-09-24 16:00:00",34372,600.9677,599.7955,0,36.372,34.496,39.092,34.075,9952.025,18.96315,17.18623,35.35687,35.93599,1.620208,27.64451,0.1398459
"2018-09-24 17:00:00",34373,600.9921,599.765,0,36.312,34.634,36.91,32.668,10046.31,18.24075,16.43228,35.5332,34.25824,1.530764,27.90643,0.1373322
"2018-09-24 18:00:00",34374,620.1801,599.7955,0,35.363,33.448,36.632,32.766,9013.476,17.8613,15.99437,34.45685,34.5568,1.094027,25.03743,0.1013502
"2018-09-24 19:00:00",34375,620.0947,599.7405,0,33.437,29.49,59.756,35.992,4791.59,20.87533,16.29675,31.98718,43.55729,1.850695,13.30997,0.09373154
"2018-09-24 20:00:00",34376,620.5586,599.7253,0,29.478,27.178,67.203,59.69,1374.628,20.9425,20.58358,28.24126,64.20161,2.332777,3.818411,0.06135813
"2018-09-24 21:00:00",34377,620.3389,599.8412,0,27.188,26.026,70.928,67.195,1900.198,20.60229,20.18942,26.59272,68.50297,2.211112,5.278328,0.05026821
"2018-09-24 22:00:00",34378,620.5892,599.765,0,26.058,24.896,78.445,70.953,2380.176,20.91601,20.37514,25.46492,74.45443,1.705209,6.611601,0.03412414
"2018-09-24 23:00:00",34379,620.4945,599.7344,0,24.896,24.253,82.912,78.414,2798.695,21.2411,20.87316,24.59116,80.81353,1.477986,7.774154,0.02369963
"2018-09-25 00:00:00",34380,620.1649,599.7741,0,24.273,23.922,86.212,82.938,3351.522,21.54563,21.18301,24.08503,85.00716,1.465486,9.309783,0.01917515
"2018-09-25 01:00:00",34381,620.403,599.7344,0,23.964,23.572,88.648,86.154,4031.522,21.65091,21.47488,23.75032,87.47586,1.113819,11.19867,0.01469414
"2018-09-25 02:00:00",34382,620.345,599.7497,0,23.632,23.392,90.226,88.644,4459.106,21.76053,21.59184,23.53476,89.2144,1.294167,12.3864,0.01445466
"2018-09-25 03:00:00",34383,620.1801,599.7497,0,23.43,23.212,90.464,89.848,4839.561,21.74492,21.50421,23.33389,90.20462,1.267362,13.44322,0.01361936
"2018-09-25 04:00:00",34384,620.1771,599.7344,0,23.271,22.89,90.648,89.666,5082.745,21.59563,21.24166,23.09988,90.23111,0.8920833,14.11874,0.01189225
"2018-09-25 05:00:00",34385,600.8364,599.7955,0,23.05,22.71,89.82,86.35,5124.151,21.25721,20.41604,22.85075,88.12953,1.093888,14.23375,0.0146239
"2018-09-25 06:00:00",34386,600.8669,599.8107,0,22.82,22.609,87.852,86.562,5156.319,20.57573,20.3944,22.6882,87.329,1.617083,14.32311,0.01827843
"2018-09-25 07:00:00",34387,620.3969,599.7955,0,23.622,22.75,86.56,81.972,5348.102,20.4672,20.24358,23.0369,84.67867,1.935695,14.85584,0.03627361
"2018-09-25 08:00:00",34388,619.7619,599.6978,0,25.936,23.592,81.986,72.746,5440.186,20.73481,20.29824,24.68823,77.52061,2.0825,15.11163,0.05302107
"2018-09-25 09:00:00",34389,619.884,599.765,0,27.999,25.724,72.859,63.656,5069.321,20.95142,20.20926,26.85979,68.27782,2.506875,14.08145,0.08402135
"2018-09-25 10:00:00",34390,620.3846,599.7955,0,28.098,26.957,66.039,62.193,3910.053,20.66927,19.74927,27.39107,64.06618,2.421181,10.86126,0.09022483
"2018-09-25 11:00:00",34391,620.4091,599.7527,0,29.298,27.618,63.001,57.607,3868.394,20.3626,19.71213,28.51542,59.97001,2.711597,10.74554,0.1115026
"2018-09-25 12:00:00",34392,620.2045,599.7344,0,31.34,29.109,58.439,50.496,4089.186,20.72761,19.49821,29.92871,55.22967,2.283958,11.35885,0.1111333
"2018-09-25 13:00:00",34393,620.7051,599.7344,0,33.448,30.27,55.392,44.352,4658.517,20.9953,19.46563,31.70764,49.75703,1.99875,12.94032,0.1155172
"2018-09-25 14:00:00",34394,620.293,599.7436,0,34.425,31.79,48.476,40.603,6630.445,20.67316,18.76624,33.154,44.43897,1.792917,18.4179,0.1227151
"2018-09-25 15:00:00",34395,619.9329,599.7161,0,35.612,32.937,44.833,38.001,9471.544,20.32374,18.39225,34.49418,40.64256,1.510764,26.30984,0.1218118
"2018-09-25 16:00:00",34396,620.235,599.7497,0,35.333,33.468,42.05,36.396,10904.43,19.51372,17.68447,34.52678,38.56386,1.687917,30.29007,0.1397163
"2018-09-25 17:00:00",34397,619.9573,599.9023,0,35.183,33.606,38.082,34.921,10686.57,18.28907,16.86424,34.53046,36.58077,1.283056,29.68492,0.1163664
"2018-09-25 18:00:00",34398,620.2076,599.765,0,34.326,32.968,38.521,36.513,7253.46,17.69341,16.60243,33.62185,37.52199,0.9924999,20.1485,0.08689988
"2018-09-25 19:00:00",34399,600.9707,599.7833,0,32.957,29.91,54.353,37.845,2817.136,19.74734,16.63516,31.30492,46.9554,2.072778,7.825378,0.0920165
"2018-09-25 20:00:00",34400,624.7955,599.7436,0,29.93,27.239,66.05,54.287,1248.197,20.39391,19.64152,28.35844,60.90093,2.164375,3.467215,0.06385037
"2018-09-25 21:00:00",34401,620.5708,599.7344,0,27.227,25.956,71.508,66.082,1847.653,20.45184,20.29663,26.5279,68.9257,1.682778,5.13237,0.04147105
"2018-09-25 22:00:00",34402,620.3144,599.7344,0,25.997,24.966,75.294,71.386,2501.387,20.44542,20.14779,25.47529,72.92342,1.686806,6.948297,0.0359012
"2018-09-25 23:00:00",34403,620.6502,599.8474,0,24.966,24.243,83.277,75.291,2892.352,21.29887,20.29367,24.58002,79.5411,1.317639,8.03431,0.02343081
"2018-09-26 00:00:00",34404,620.2473,599.7924,0,24.253,23.812,87.71,83.242,3512.6,21.69182,21.21283,24.02089,85.5518,1.363542,9.757221,0.0179526
"2018-09-26 01:00:00",34405,620.2747,599.7253,0,23.822,23.271,90.691,87.623,4208.002,21.71099,21.52781,23.55298,88.89235,0.9223609,11.68889,0.01238369
"2018-09-26 02:00:00",34406,620.3846,599.7405,0,23.341,22.72,93.562,90.586,4609.614,21.75154,21.56441,23.02846,91.96109,0.9338198,12.80448,0.01037471
"2018-09-26 03:00:00",34407,620.0305,599.8016,0,22.77,22.358,95.152,93.472,5034.958,21.70722,21.53313,22.55406,94.33887,1.309236,13.98599,0.009750292
"2018-09-26 04:00:00",34408,619.7985,599.7375,0,22.378,22.038,95.828,94.992,5431.186,21.57882,21.31946,22.19172,95.40611,1.184931,15.08663,0.00878988
"2018-09-26 05:00:00",34409,620.3816,599.8412,0,22.058,21.185,97.104,95.414,5380.421,21.36732,20.68349,21.82624,96.11991,0.3020139,14.94561,0.006838636
"2018-09-26 06:00:00",34410,600.8853,599.7344,0,21.206,20.341,99.154,96.988,5027.416,21.00995,20.17253,20.89643,98.39935,0.002361111,13.96504,0.005812712
"2018-09-26 07:00:00",34411,600.8975,599.8565,0,21.878,19.97,99.998,97.042,4846.254,21.57124,19.87368,20.70221,99.33265,0.002916667,13.46182,0.01007504
"2018-09-26 08:00:00",34412,620.1893,599.8138,0,24.022,21.888,97.02,79.953,5231.755,21.48829,20.23353,23.07453,86.66428,1.22993,14.53265,0.02548036
"2018-09-26 09:00:00",34413,620.2442,599.8168,0,26.198,23.984,80.476,70.279,5148.063,20.74407,20.02048,25.17386,74.5815,1.722569,14.30018,0.05129161
"2018-09-26 10:00:00",34414,620.2686,599.765,0,28.72,26.136,71.072,58.886,4915.577,20.74066,19.49457,27.37948,64.7019,1.382987,13.65438,0.05912947
"2018-09-26 11:00:00",34415,620.0794,599.7802,0,31.41,28.76,60.529,48.026,5835.601,20.59019,18.79845,30.03347,54.06394,2.040278,16.21,0.1074859
"2018-09-26 12:00:00",34416,620.2381,599.7955,0,32.949,30,53.619,42.933,5457.911,20.16625,18.20113,31.44349,48.02843,1.734722,15.16086,0.1072199
"2018-09-26 13:00:00",34417,620.5831,599.8107,0,34.774,31.688,47.333,36.794,5407.275,20.0937,17.45748,33.20227,41.80695,1.359306,15.02021,0.09985291
"2018-09-26 14:00:00",34418,620.5708,599.8779,0,35.423,33.289,41.066,35.185,8011.609,19.15187,17.27919,34.43079,37.67329,2.065556,22.25447,0.158661
"2018-09-26 15:00:00",34419,620.4213,599.8046,0,35.861,33.657,38.901,32.908,9725.576,18.80167,16.46929,35.0297,35.49515,1.894236,27.01549,0.1576528
"2018-09-26 16:00:00",34420,600.9646,599.7527,0,36.718,34.447,37.568,30.022,10018.76,18.66017,15.92136,35.90788,32.63065,1.231459,27.8299,0.1192098
"2018-09-26 17:00:00",34421,620.1435,599.71,0,35.97,34.156,34.47,30.62,9996.652,17.13346,15.64445,35.44164,31.82868,1.804583,27.76848,0.160757
"2018-09-26 18:00:00",34422,600.9493,599.7802,0,34.953,33.407,34.64,31.955,8669.593,16.16567,15.3868,34.08641,33.27753,1.684167,24.0822,0.1429992
"2018-09-26 19:00:00",34423,620.116,599.765,0,33.417,29.76,57.884,34.224,4176.944,20.6315,15.36647,31.6359,44.81254,1.65493,11.60262,0.08363253
"2018-09-26 20:00:00",34424,620.8058,599.8168,0,29.77,27.409,62.9,57.812,1727.19,20.60854,19.71034,28.51072,60.73091,2.603334,4.797751,0.07282569
"2018-09-26 21:00:00",34425,620.6929,599.7589,0,27.409,25.796,67.285,62.805,2765.624,19.72949,19.26283,26.57447,64.96886,2.040972,7.682289,0.05363543
"2018-09-26 22:00:00",34426,620.2137,599.826,0,25.817,24.995,73.512,67.312,3214.04,19.97376,19.28923,25.42094,70.13831,1.866458,8.927888,0.04249215
"2018-09-26 23:00:00",34427,620.4731,599.768,0,25.005,24.362,79.289,73.539,3400.785,20.5921,19.93912,24.65044,76.29805,1.361249,9.446625,0.02776934
"2018-09-27 00:00:00",34428,620.522,599.9329,0,24.382,24.073,83.64,79.226,3598.9,21.22315,20.56075,24.18634,81.6891,1.499166,9.996944,0.02333505
"2018-09-27 01:00:00",34429,620.2015,599.9268,0,24.124,23.752,86.277,83.496,4224.892,21.39324,21.16302,23.94919,85.02366,1.752362,11.73581,0.02176891
"2018-09-27 02:00:00",34430,620.1374,599.7344,0,23.782,23.292,87.738,86.164,4737.734,21.37481,21.13752,23.54612,87.02486,1.407917,13.16037,0.01752933
"2018-09-27 03:00:00",34431,620.348,599.7558,0,23.392,22.81,88.52,87.348,4937.744,21.2188,20.80485,23.14669,87.84212,1.077847,13.71596,0.01471525
"2018-09-27 04:00:00",34432,620.3236,599.8474,0,22.92,22.118,88.934,86.554,5019.609,20.84587,20.21244,22.67532,87.53271,0.5420834,13.94336,0.01102116
"2018-09-27 05:00:00",34433,619.8627,599.7863,0,22.108,21.044,92.568,88.98,4684.189,20.22351,19.72241,21.50405,91.17953,0,13.01164,0.005506918
"2018-09-27 06:00:00",34434,600.3144,599.9695,0,21.174,20.302,94.172,92.029,4411.742,19.91627,19.22948,20.75457,92.90519,0,12.25484,0.005148051
"2018-09-27 07:00:00",34435,600.3144,599.8016,0,21.505,19.77,96.142,91.176,4428.237,20.0811,18.91099,20.31943,94.41406,0,12.30066,0.009233198
"2018-09-27 08:00:00",34436,600.8975,599.8382,0,25.976,21.496,91.148,65.486,4752.13,20.40492,18.78757,23.99036,77.16913,0.445486,13.20036,0.02018775
"2018-09-27 09:00:00",34437,620.3022,599.7375,0,27.88,25.956,66.14,56.394,4717.705,19.21539,18.30965,27.03222,60.43446,1.557013,13.10474,0.07040095
"2018-09-27 10:00:00",34438,620.3969,599.765,0,29.65,27.759,57.929,50.103,5045.588,19.16034,17.983,28.80717,53.74676,2.3025,14.01552,0.1147263
"2018-09-27 11:00:00",34439,620.2045,599.7497,0,31.54,28.958,53.314,45.083,4350.046,19.30489,17.78371,30.23318,49.0413,2.48507,12.08346,0.1356374
"2018-09-27 12:00:00",34440,620.5983,599.7405,0,32.837,30.08,48.455,41.208,4705.245,19.17744,17.51917,31.8538,44.16939,2.55125,13.07012,0.1562938
"2018-09-27 13:00:00",34441,620.29,599.765,0,34.294,31.868,44.035,37.167,6097.072,19.08822,17.13991,32.99045,40.76992,2.224236,16.93631,0.1532124
"2018-09-27 14:00:00",34442,600.986,599.8474,0,34.933,32.777,40.876,33.155,7773.464,18.70898,16.0819,33.91228,37.51806,2.105973,21.59295,0.1597038
"2018-09-27 15:00:00",34443,620.7875,599.7497,0,36.372,33.357,38.5,31.859,8297.023,17.91125,15.94782,34.98458,34.13659,1.800346,23.04729,0.151046
"2018-09-27 16:00:00",34444,600.9799,599.7802,0,36.111,34.425,34.277,29.826,7230.491,16.9249,15.39714,35.36977,31.56483,1.809653,20.0847,0.1554839
"2018-09-27 17:00:00",34445,620.5281,599.826,0,35.771,34.435,33.466,29.808,6530.106,16.22627,15.10303,35.07788,31.31644,1.706945,18.13918,0.1465307
"2018-09-27 18:00:00",34446,600.9188,599.826,0,34.933,32.968,33.671,30.986,5750.68,15.58242,14.73728,34.04873,32.32027,1.968541,15.97411,0.1585324
"2018-09-27 19:00:00",34447,600.9463,599.9329,0,32.976,30.75,37.931,33.501,4466.379,14.93653,14.50447,31.93798,35.2081,0.7678471,12.40661,0.05536253
"2018-09-27 20:00:00",34448,600.9463,599.7344,0,31.13,28.6,58.928,37.773,1981.172,19.83502,14.75332,29.91307,51.98722,2.246528,5.503256,0.08424451
"2018-09-27 21:00:00",34449,620.6166,599.9023,0,28.6,26.437,68.754,58.928,2838.223,20.25864,19.52346,27.57138,62.42179,2.343473,7.883952,0.0644265
"2018-09-27 22:00:00",34450,620.3816,599.8626,0,26.418,24.995,80.936,68.808,3980.438,21.52107,20.23139,25.59299,75.14818,2.232152,11.05677,0.0406118
"2018-09-27 23:00:00",34451,620.1252,599.8565,0,25.416,24.986,82.367,80.668,4675.36,22.11081,21.51307,25.18958,81.62038,1.684097,12.98711,0.02664495
"2018-09-28 00:00:00",34452,620.1282,599.8138,0,25.447,25.246,82.264,79.48,5249.259,22.11747,21.52702,25.3707,81.30935,1.982361,14.58128,0.03015001
"2018-09-28 01:00:00",34453,620.0305,599.7955,0,25.236,24.253,83.867,80.148,5715.285,21.58724,21.36171,24.7368,82.00941,1.575347,15.87579,0.02576604
"2018-09-28 02:00:00",34454,620.0794,599.7344,0,24.353,24.012,84.222,82.398,5744.376,21.41123,20.90155,24.15191,83.22495,1.082639,15.9566,0.01982533
"2018-09-28 03:00:00",34455,620.1557,599.7344,0,24.163,23.903,83.172,79.871,5937.14,20.98086,20.40142,24.03968,81.25491,1.840902,16.49205,0.02848323
"2018-09-28 04:00:00",34456,600.8486,599.7711,0,24.064,23.532,81.902,79.988,6090.823,20.42447,20.24127,23.72972,81.05334,2.088958,16.91895,0.03043806
"2018-09-28 05:00:00",34457,620.2869,599.7497,0,23.562,22.95,84.336,81.846,6260.529,20.32718,20.15166,23.2689,83.08144,1.886458,17.39036,0.02612041
"2018-09-28 06:00:00",34458,619.8779,599.7802,0,23.05,22.318,86.39,83.734,6618.737,20.20197,19.94098,22.72474,84.97485,1.457223,18.38538,0.02104384
"2018-09-28 07:00:00",34459,600.9066,599.7222,0,23.201,22.258,86.714,83.178,6964.262,20.22715,19.92153,22.55639,85.64345,1.213611,19.34517,0.02940682
"2018-09-28 08:00:00",34460,620.3022,599.7375,0,25.724,23.191,83.242,71.609,6581.565,20.60603,20.02095,24.48291,77.75433,2.239237,18.28213,0.05707576
"2018-09-28 09:00:00",34461,620.4091,599.7344,0,28.638,25.686,72.012,58.637,5216.152,20.44212,19.38296,27.00361,65.31692,2.782917,14.48931,0.0990371
"2018-09-28 10:00:00",34462,620.3846,599.7344,0,29.939,27.669,61.031,51.521,4385.727,20.11729,18.77565,28.55796,57.4811,3.023612,12.18258,0.1297736
"2018-09-28 11:00:00",34463,619.9451,599.7009,0,31.749,29.68,53.404,42.388,4652.594,19.6819,16.98346,30.67472,48.77154,2.865417,12.92387,0.1549899
"2018-09-28 12:00:00",34464,620.5831,599.7589,0,33.865,31.369,44.575,37.375,6448.556,18.2984,16.79566,32.25126,41.52993,3.166874,17.91265,0.1998801
"2018-09-28 13:00:00",34465,620.0825,599.7802,0,34.515,32.688,43.055,33.562,8353.365,18.8634,15.47993,33.63526,36.58141,2.391112,23.20379,0.1797391
"2018-09-28 14:00:00",34466,620.3144,599.7863,0,35.702,34.056,36.953,30.495,9344.711,17.63103,14.94983,34.83295,33.1982,2.515348,25.95753,0.2022225
"2018-09-28 15:00:00",34467,620.6685,599.8596,0,35.771,34.486,33.273,28.594,8857.338,16.72343,14.39415,35.17886,31.02326,2.448265,24.60372,0.2037904
"2018-09-28 16:00:00",34468,620.6075,599.7863,0,36.51,35.003,33.162,29.168,7891.369,17.05744,15.16605,35.63792,31.03023,1.915417,21.92047,0.1661606
"2018-09-28 17:00:00",34469,600.9646,599.7497,0,36.072,34.634,31.884,29.204,7220.581,16.23945,14.98492,35.44761,30.6347,1.792152,20.05717,0.1562908
"2018-09-28 18:00:00",34470,620.5159,599.7497,0,34.825,32.957,33.845,29.927,6313.381,15.39993,14.41847,34.20926,31.30291,1.317986,17.53717,0.1165229
"2018-09-28 19:00:00",34471,620.4335,599.8901,0,32.957,30.359,44.861,33.702,4048.079,17.13695,14.87776,31.59255,40.5809,1.788471,11.24466,0.0945484
"2018-09-28 20:00:00",34472,620.1801,599.765,0,30.35,27.928,57.298,44.792,1885.921,18.7703,16.76343,29.21296,49.56169,2.166459,5.23867,0.08460281
"2018-09-28 21:00:00",34473,620.5953,599.8565,0,27.938,26.378,63.832,57.386,1518.297,19.00076,18.7408,27.13242,60.74182,1.82125,4.217491,0.05542994
"2018-09-28 22:00:00",34474,620.4945,599.7436,0,26.366,25.265,71.707,63.861,2150.835,19.82752,18.98831,25.79595,67.39351,1.797361,5.974541,0.04469364
"2018-09-28 23:00:00",34475,620.1008,599.9054,0,25.275,24.514,80.058,71.764,3353.493,20.94334,19.81364,24.88279,75.97414,1.902848,9.315258,0.03468459
"2018-09-29 00:00:00",34476,620.1191,599.7924,0,24.514,24.073,85.352,79.984,4273.65,21.52228,20.75382,24.24878,83.26575,1.641389,11.87125,0.02332223
"2018-09-29 01:00:00",34477,620.3999,599.7375,0,24.154,23.972,86.453,85.344,5410.38,21.67187,21.47288,24.07997,85.97292,1.716735,15.02883,0.02141041
"2018-09-29 02:00:00",34478,620.3877,599.7344,0,24.034,23.672,88.974,86.168,6199.112,21.7831,21.5253,23.80182,87.59346,1.614167,17.21976,0.01939389
"2018-09-29 03:00:00",34479,620.3724,599.7222,0,23.692,23.292,91.082,88.968,6601.182,21.82395,21.70955,23.43252,90.27689,1.172708,18.33662,0.01466631
"2018-09-29 04:00:00",34480,620.2534,599.8138,0,23.322,23.01,92.906,90.882,7198.109,21.83685,21.67229,23.1245,92.00378,0.9315277,19.99475,0.01269242
"2018-09-29 05:00:00",34481,620.2747,599.7222,0,23.08,22.78,93.707,92.529,7309.53,21.85738,21.70996,22.96885,92.99529,0.686875,20.30425,0.01124776
"2018-09-29 06:00:00",34482,620.2869,599.7344,0,22.88,22.55,94.46,93.394,6834.341,21.83115,21.5864,22.74282,93.88932,0.2698611,18.98428,0.008970503
"2018-09-29 07:00:00",34483,619.8962,599.8107,0,23.692,22.399,95.119,90.932,6814.283,22.17254,21.53075,22.79423,93.83324,0.06479166,18.92856,0.01470347
"2018-09-29 08:00:00",34484,620.5342,599.7497,0,26.607,23.692,91.113,70.605,6733.439,22.26624,20.81479,25.1136,81.49696,1.720695,18.704,0.04301825
"2018-09-29 09:00:00",34485,620.5647,599.765,0,28.259,26.308,71.134,62.634,4627.72,20.8884,20.05046,27.21322,66.5632,2.60868,12.85478,0.09057678
"2018-09-29 10:00:00",34486,620.1404,599.7222,0,30.82,27.178,65.359,49.837,4392.401,20.22977,19.08937,29.09047,56.76538,2.355417,12.20111,0.1091828
"2018-09-29 11:00:00",34487,620.1649,599.7985,0,32.607,29.02,55.044,44.91,4896.132,20.14288,18.62451,31.16019,49.19147,2.263334,13.60037,0.1285158
"2018-09-29 12:00:00",34488,619.9451,599.7497,0,33.845,31.509,49.097,41.636,6105.8,20.36699,18.27328,32.6249,44.95914,1.977152,16.96055,0.1294378
"2018-09-29 13:00:00",34489,620.5708,599.71,0,35.314,32.636,47.587,36.843,7604.776,20.50182,17.83288,33.9823,40.56347,1.633056,21.12438,0.1244525
"2018-09-29 14:00:00",34490,620.5098,599.7131,0,36.34,33.855,42.076,34.466,7990.795,19.81837,17.03845,34.98765,37.34828,0.985278,22.19665,0.08986513
"2018-09-29 15:00:00",34491,620.1679,599.7955,0,36.461,34.246,37.552,31.113,9159.642,19.40455,16.01363,35.80626,33.78133,1.08243,25.44345,0.1047031
"2018-09-29 16:00:00",34492,620.2625,599.9115,0,36.789,34.255,34.939,30.292,8588.98,17.85631,15.98537,35.86518,32.20977,1.120277,23.85828,0.1083281
"2018-09-29 17:00:00",34493,620.4854,599.8412,0,36.91,34.645,33.833,29.091,7986.842,17.35476,15.35303,35.93653,31.05375,1.163472,22.18567,0.1118737
"2018-09-29 18:00:00",34494,620.1588,599.8412,0,36.82,33.636,33.324,28.917,7380.842,16.39639,15.1,35.19529,31.46799,0.7759726,20.50234,0.07965411
"2018-09-29 19:00:00",34495,620.4579,599.7741,0,33.636,30.619,51.046,32.835,4751.715,19.79365,15.01524,32.03901,37.86864,0.4396527,13.19921,0.03510508
"2018-09-29 20:00:00",34496,620.6899,599.7497,0,31.08,28.38,60.147,51.013,1435.53,20.10846,19.77405,29.68477,56.08675,2.35875,3.987584,0.07874055
"2018-09-29 21:00:00",34497,620.2625,599.8412,0,28.369,26.427,69.773,60.139,1850.196,20.48757,19.66315,27.33612,64.13449,2.079931,5.139433,0.05600807
"2018-09-29 22:00:00",34498,620.754,599.9176,0,26.437,25.056,81.445,69.773,3244.811,21.72976,20.48757,25.64433,76.4294,2.251042,9.013364,0.03837167
"2018-09-29 23:00:00",34499,620.1404,599.7222,0,25.396,25.066,81.906,80.527,4353.12,21.92448,21.70029,25.25024,81.31265,2.432223,12.092,0.03272074
"2018-09-30 00:00:00",34500,620.2045,599.7222,0,25.506,25.265,81.594,79.156,5055.025,21.94693,21.55741,25.40032,80.54653,2.23743,14.04174,0.03313657
"2018-09-30 01:00:00",34501,620.348,599.9207,0,25.306,25.114,82.273,81.464,5659.618,21.96234,21.81912,25.20923,81.77386,2.340417,15.72116,0.03228071
"2018-09-30 02:00:00",34502,620.6197,599.765,0,25.134,24.825,84.625,82.242,6017.248,22.12491,21.88044,24.95312,83.76582,2.149306,16.71458,0.02809312
"2018-09-30 03:00:00",34503,620.2259,599.71,0,24.884,24.594,85.355,84.438,6601.65,22.11082,21.94632,24.74325,84.8358,1.720347,18.33792,0.02420251
"2018-09-30 04:00:00",34504,620.5433,599.826,0,24.835,24.514,85.73,83.84,6646.834,22.14501,21.86421,24.69599,84.67927,1.627292,18.46343,0.02377283
"2018-09-30 05:00:00",34505,619.8718,599.7344,0,24.754,24.542,85.542,82.025,6685.783,22.13712,21.37575,24.63318,84.0584,2.360001,18.57162,0.02911546
"2018-09-30 06:00:00",34506,620.1404,599.7344,0,24.632,24.253,82.441,81.668,6340.341,21.44139,20.97307,24.44478,82.08936,1.764375,17.61206,0.02748987
"2018-09-30 07:00:00",34507,600.8822,599.8107,0,24.594,24.202,81.886,78.609,5936.76,21.01662,20.56261,24.38729,79.99993,1.727292,16.491,0.04339917
"2018-09-30 08:00:00",34508,620.3846,599.7711,0,25.576,24.535,79.781,74.636,5917.545,21.02919,20.65369,25.04472,77.22031,2.505833,16.43762,0.06222797
"2018-09-30 09:00:00",34509,620.3846,599.7344,0,26.538,25.396,75.529,71.882,5135.58,21.1914,20.70945,26.07151,73.44617,2.583959,14.2655,0.07244979
"2018-09-30 10:00:00",34510,620.2625,599.7344,0,29.369,26.498,72.027,61.451,4688.311,21.58066,20.92516,27.81036,67.25375,1.86868,13.02308,0.06976901
"2018-09-30 11:00:00",34511,620.0183,599.8107,0,31.7,29.07,63.314,53.191,4500.33,21.96295,20.7406,30.20354,58.75397,1.864862,12.50092,0.08870297
"2018-09-30 12:00:00",34512,620.116,599.7619,0,33.417,30.56,55.972,46.639,5025.119,21.45857,19.8657,32.23285,50.69566,2.606736,13.95866,0.1432129
"2018-09-30 13:00:00",34513,620.4091,599.8412,0,35.292,33.218,48.016,40.075,6594.38,20.90629,19.04033,33.99452,43.58829,2.220347,18.31772,0.1497706
"2018-09-30 14:00:00",34514,620.2076,599.7344,0,36.001,34.435,41.947,35.759,8649.289,19.97968,18.39682,35.22377,39.24426,2.242709,24.0258,0.1690938
"2018-09-30 15:00:00",34515,620.3846,599.768,0,36.91,34.704,39.994,33.646,9999.584,19.74221,18.03449,35.92239,36.4006,2.189652,27.77662,0.1775314
"2018-09-30 16:00:00",34516,619.9695,599.6917,0,37.178,35.494,36.539,30.164,9794.473,18.71159,16.78498,36.49086,33.54692,1.77493,27.20687,0.1570851
"2018-09-30 17:00:00",34517,620.3755,599.7619,0,37.031,34.376,35.499,31.668,8715.195,17.9709,16.45456,35.42575,33.65374,1.319861,24.20888,0.120397
"2018-09-30 18:00:00",34518,620.3328,599.768,0,35.982,31.548,50.133,32.316,7674.362,19.94096,16.31586,34.621,35.91882,1.944306,21.31767,0.1546366
"2018-09-30 19:00:00",34519,620.3358,599.765,0,31.518,28.43,61.925,50.259,2068.376,20.47033,19.93546,29.81535,56.78193,3.22625,5.74549,0.09487145
"2018-09-30 20:00:00",34520,620.3113,599.8016,0,28.43,26.598,69.023,61.951,2024.044,20.57972,20.41411,27.44946,65.81246,2.862501,5.622343,0.0653588
"2018-09-30 21:00:00",34521,620.5708,599.7253,0,26.588,25.196,74.762,69.02,2927.457,20.61081,20.38799,25.75329,72.6081,2.636388,8.131824,0.0482678
"2018-09-30 22:00:00",34522,620.0825,599.7344,0,25.236,24.632,78.652,74.676,3612.14,20.71364,20.42094,24.89367,76.74916,2.371249,10.03372,0.03838093
"2018-09-30 23:00:00",34523,619.8535,599.8046,0,24.654,24.243,81.006,78.65,4596.344,20.81248,20.66007,24.47917,79.52342,2.629792,12.76762,0.03626025
