"TOA5","CR200Series","CR200X","No_SN","CR200X.Std.02","estacaoAtual.CR2","15733","Table1"
"TIMESTAMP","RECORD","BP_mbar_Max","BP_mbar_Min","Rain_mm_Tot","AirTC_Max","AirTC_Min","RH_Max","RH_Min","SlrkJ_Tot","TdC_Max","TdC_Min","AirTC_Avg","RH_Avg","WS_ms_Avg","SlrkJ_Avg","ETo"
"TS","RN","mbar","mbar","mm","Deg C","Deg C","%","%","kJ/m^2","Deg C","Deg C","Deg C","%","meters/sec","kJ/m^2",""
"","","Max","Min","Tot","Max","Min","Max","Min","Tot","Max","Min","Avg","Avg","Avg","Avg","ETo"
"2017-12-01 00:00:00",33345,620.0641,599.7344,0,24.644,24.375,84.691,83.324,2916.63,21.74559,21.59534,24.5107,84.0677,2.261667,8.10175,0.02568898
"2017-12-01 01:00:00",33346,620.2625,599.7222,0,24.464,24.194,85.199,83.906,3520.92,21.7119,21.47711,24.32252,84.68189,2.124445,9.780334,0.02426881
"2017-12-01 02:00:00",33347,620.2137,599.7924,0,24.292,24.042,86.012,85.105,3942.859,21.65754,21.50801,24.14513,85.50961,1.735556,10.95239,0.02096894
"2017-12-01 03:00:00",33348,619.8962,599.7802,0,24.273,24.132,86.042,84.82,4362.731,21.75856,21.51422,24.19186,85.55708,2.006041,12.1187,0.02290337
"2017-12-01 04:00:00",33349,620.3174,599.8596,0,24.222,23.312,92.521,85.99,4553.79,22.08408,21.66895,23.91018,88.00646,1.677153,12.64942,0.01798626
"2017-12-01 05:00:00",33350,620.0275,599.7222,0,23.331,23.161,93.281,92.291,4658.778,22.10312,21.94008,23.25467,92.67157,0.8010416,12.94105,0.009434548
"2017-12-01 07:00:00",33351,600.8761,599.7497,0,24.234,24.034,89.5,88.5,549.1334,22.29902,22.20427,24.14468,89.09094,1.062143,15.68953,0.002122739
"2017-12-01 08:00:00",33352,620.2106,599.7802,2.032,24.494,23.632,94.188,87.418,5150.509,23.17248,22.09344,24.20302,89.16673,1.522292,14.30697,0.02549553
"2017-12-01 09:00:00",33353,619.6063,599.7497,0,26.758,24.112,91.758,75.558,5951.64,23.15233,21.82971,25.3038,84.92136,2.18007,16.53233,0.04157143
"2017-12-01 10:00:00",33354,619.5024,599.7405,0,28.85,26.578,75.949,62.789,4735.811,22.23638,20.62522,27.46622,69.27831,2.786875,13.15503,0.08893777
"2017-12-01 11:00:00",33355,620.2686,599.8718,0,31,28.159,66.023,51.675,4021.243,21.68775,19.02831,29.58714,58.18988,2.626735,11.17012,0.1159192
"2017-12-01 12:00:00",33356,620.29,599.8443,0,33.538,29.779,54.527,43.005,5778.19,20.45601,18.89652,31.61714,48.87248,2.269445,16.05053,0.1323852
"2017-12-01 13:00:00",33357,620.3511,599.765,0,33.916,30.99,50.605,39.615,7528.357,19.97382,17.36869,32.29947,44.53778,2.326458,20.9121,0.1508272
"2017-12-01 14:00:00",33358,620.2747,599.71,0,35.154,32.226,42.687,35.866,9982.676,18.6185,17.10318,33.90413,38.55833,2.601319,27.72965,0.1910419
"2017-12-01 15:00:00",33359,620.3755,599.8565,0,35.273,33.218,40.888,35.072,9125.254,18.78259,17.1993,34.43144,37.61317,2.951111,25.34793,0.2139971
"2017-12-01 16:00:00",33360,620.1618,599.8107,0,35.195,32.357,42.103,35.775,7700.323,18.44213,17.05555,34.13166,38.06443,3.031041,21.38979,0.2131311
"2017-12-01 17:00:00",33361,620.3144,599.7955,0,34.197,32.248,41.746,37.633,6530.197,18.57179,16.81899,33.2587,39.46037,3.025834,18.13944,0.2028879
"2017-12-01 18:00:00",33362,620.3113,599.7375,0,32.476,30.638,42.386,38.759,5520.275,17.56162,15.75896,31.6279,40.26683,2.759583,15.3341,0.1786078
"2017-12-01 19:00:00",33363,620.3267,599.7497,0,30.638,28.6,54.519,42.22,2703.316,18.57395,16.36296,29.51047,49.30786,2.367082,7.509212,0.09150185
"2017-12-01 20:00:00",33364,620.3236,599.7344,0,28.609,27.319,60.411,54.481,1356.681,19.0897,18.51478,27.90793,58.0257,2.229166,3.768559,0.06898676
"2017-12-01 21:00:00",33365,620.3236,599.7253,0,27.29,26.116,66.164,60.439,1239.997,19.33643,18.90553,26.65075,63.08493,1.612152,3.444436,0.04717199
"2017-12-01 22:00:00",33366,620.5098,599.884,0,26.106,24.995,75.388,66.188,1153.696,20.37478,19.3071,25.50217,71.14521,1.603334,3.204711,0.03577862
"2017-12-01 23:00:00",33367,620.2503,599.9329,0,25.014,24.273,83.142,75.359,1254.759,21.26593,20.35021,24.60545,79.59837,1.134097,3.485443,0.0197977
"2017-12-02 00:00:00",33368,620.3511,599.7833,0,24.314,24.034,85.375,83.142,1571.99,21.61808,21.26152,24.16932,84.57966,0.7056248,4.366638,0.01116998
"2017-12-02 01:00:00",33369,619.8718,599.7802,0,24.202,23.572,87.203,85.254,1871.92,21.60039,21.2692,23.92117,86.05267,0.1302083,5.199778,0.004178267
"2017-12-02 02:00:00",33370,619.8107,599.7344,0,23.752,23.382,88.039,86.732,1825.478,21.44377,21.21708,23.53073,87.34679,0.07055555,5.070772,0.003252579
"2017-12-02 03:00:00",33371,620.3389,599.8718,0,23.672,23.492,86.906,84.984,2379.292,21.31026,20.94118,23.58616,85.76131,0.7367363,6.609143,0.01138164
"2017-12-02 04:00:00",33372,620.3511,599.7527,0,23.792,23.271,87.621,85.238,2480.815,21.24189,21.05872,23.52859,86.39187,0.06972223,6.891153,0.004043017
"2017-12-02 07:00:00",33373,600.9402,599.9451,0,24.353,24.093,81.74,80.388,1371.347,20.94775,20.65857,24.24808,80.98727,1.408696,11.92476,0.01068034
"2017-12-02 08:00:00",33374,620.2381,599.7222,0,25.656,24.073,81.41,74.992,3972.954,21.23113,20.66365,24.82697,78.51205,2.030764,11.03598,0.04771969
"2017-12-02 09:00:00",33375,620.3206,599.8229,0,25.936,25.355,75.988,71.718,3109.277,21.00899,20.34894,25.72454,73.59447,2.401666,8.63688,0.06414315
"2017-12-02 10:00:00",33376,620.1038,599.7344,0,27.659,25.776,72.285,67.117,3017.591,21.28032,20.33789,26.69332,70.19268,2.482778,8.382198,0.07487757
"2017-12-02 11:00:00",33377,620.0061,599.9329,0.254,29.388,25.294,83.292,62.503,3418.488,22.92042,20.76771,27.06098,72.4835,2.164097,9.495799,0.06370162
"2017-12-02 12:00:00",33378,620.3022,599.7955,0,31.25,28.42,64.917,54.91,3382.232,22.18513,20.65936,29.54361,61.19257,2.076459,9.395088,0.08821644
"2017-12-02 13:00:00",33379,620.2869,599.71,0,32.218,28.92,63.504,51.027,3132.627,21.96587,20.31735,30.66122,56.34851,2.182916,8.701742,0.1041156
"2017-12-02 14:00:00",33380,620.1282,599.7436,0,32.688,29.06,63.366,48.573,2882.109,21.738,20.08545,31.27584,53.6461,2.641944,8.005857,0.1301378
"2017-12-02 15:00:00",33381,620.3511,599.7894,0,33.718,30.25,57.101,44.177,3601.944,21.28729,19.51697,32.18238,49.63018,2.643195,10.0054,0.1447503
"2017-12-02 16:00:00",33382,620.3389,599.6887,0,34.236,31.518,49.875,38.651,3228.695,20.59877,17.92796,33.25963,44.12698,2.244862,8.968596,0.14103
"2017-12-02 17:00:00",33383,620.5006,599.8626,0,34.037,32.598,39.968,35.017,3566.001,18.13955,15.36941,33.45078,36.94347,2.572847,9.905559,0.1791861
"2017-12-02 18:00:00",33384,620.0825,599.8626,0,32.768,30.958,40.634,35.441,2516.244,16.69762,15.35503,31.87915,38.9248,2.212292,6.989566,0.1466501
"2017-12-02 19:00:00",33385,620.6044,599.7497,0,30.939,29.22,49.447,40.558,1605.287,17.58928,15.84894,30.1493,43.306,2.223541,4.459132,0.09880377
"2017-12-02 20:00:00",33386,600.8975,599.7985,0,29.228,27.478,58.946,49.411,1370.351,18.80269,17.54845,28.29725,54.7932,2.555626,3.80653,0.08187046
"2017-12-02 21:00:00",33387,620.5128,599.9451,0,27.47,26.346,63.527,59.004,1261.781,19.08464,18.76512,26.87878,61.91617,1.534236,3.504948,0.04727465
"2017-12-02 22:00:00",33388,620.4457,599.7344,0,26.418,25.246,69.375,63.374,1239.161,19.2963,18.60833,25.90233,65.32978,0.9584022,3.442115,0.02979227
"2017-12-02 23:00:00",33389,620.0305,599.765,0,25.265,24.554,74.978,69.378,1184.152,19.85665,19.15152,24.87813,71.42815,0.7797219,3.28931,0.02065133
"2017-12-03 00:00:00",33390,620.2778,599.8107,0,24.574,23.842,80.922,74.922,1268.919,20.42502,19.83002,24.28074,77.75091,0.9138194,3.524775,0.01824245
"2017-12-03 01:00:00",33391,620.348,599.7527,0,23.884,23.171,84.646,80.836,1348.796,20.66768,20.34736,23.54663,82.95557,0,3.746656,0.001891357
"2017-12-03 02:00:00",33392,620.2961,599.826,0,23.361,22.73,87.359,84.384,1485.141,20.74883,20.39478,23.09278,85.79537,0,4.125391,0.002028557
"2017-12-03 03:00:00",33393,620.1771,599.7344,0,22.74,22.378,89.871,87.078,1620.784,20.82884,20.34971,22.56019,88.77412,0,4.502178,0.002161196
"2017-12-03 04:00:00",33394,621.8163,599.8138,0,22.57,21.726,92.453,89.75,1873.335,20.96533,20.40217,22.24853,90.87506,0.01444444,5.203709,0.002548534
"2017-12-03 08:00:00",33395,620.1923,599.7344,0,25.936,24.112,80.01,72.668,3322.884,20.84977,20.38992,24.99818,76.42632,2.653893,13.61838,0.04367723
"2017-12-03 09:00:00",33396,620.3877,599.7222,0,28.38,25.184,75.199,61.109,4464.328,20.8611,19.90574,26.79277,68.22592,2.747708,12.40091,0.08890734
"2017-12-03 10:00:00",33397,620.3816,599.8626,0,31.659,28.079,61.824,47.312,3853.667,20.42221,18.83663,29.53619,55.61139,2.880624,10.70463,0.1315925
"2017-12-03 11:00:00",33398,620.5311,599.7283,0,32.357,29.6,53.099,45.089,3892.463,19.69697,18.65684,31.069,49.07656,3.011875,10.8124,0.1601994
"2017-12-03 12:00:00",33399,620.2167,599.7344,0,33.487,31.06,47.949,39.916,4660.431,19.43777,17.41388,32.31757,43.65577,3.457292,12.94564,0.2038327
"2017-12-03 13:00:00",33400,619.9908,599.8321,0,34.085,32.258,41.313,37.617,5610.078,18.22417,16.92853,33.13514,39.34904,3.15625,15.58355,0.2079881
"2017-12-03 14:00:00",33401,619.9481,599.8046,0,35.783,32.718,39.81,33.742,6666.031,18.42971,16.65079,34.22382,36.91646,3.105209,18.51675,0.2193038
"2017-12-03 15:00:00",33402,620.7631,599.8535,0,35.88,32.898,38.596,34.113,7156.348,18.04178,16.2803,34.25827,36.10595,3.364582,19.87874,0.2380399
"2017-12-03 16:00:00",33403,620.1771,599.7833,0,35.285,33.117,37.462,32.166,7149.097,17.2274,15.23509,34.4015,34.20748,3.036665,19.8586,0.2256947
"2017-12-03 17:00:00",33404,620.4243,599.7344,0,34.496,32.658,37.249,31.916,5176.332,16.34622,15.13733,33.38441,34.70803,2.882708,14.3787,0.2070688
"2017-12-03 18:00:00",33405,620.6472,599.7253,0,32.818,31.638,41.166,36.801,3282.584,16.87133,15.97832,32.37606,38.67219,2.317708,9.118288,0.1561687
"2017-12-03 19:00:00",33406,620.1282,599.7802,0,31.65,30.08,44.666,40.994,1861.002,16.86384,16.53667,30.77254,42.70306,2.466112,5.169451,0.1089492
"2017-12-03 20:00:00",33407,620.4121,599.8016,0,30.08,28.859,50.303,44.694,1515.605,17.54988,16.73782,29.43148,47.69577,2.160208,4.210015,0.08771819
"2017-12-03 21:00:00",33408,620.0916,599.8412,0,28.859,27.428,59.901,50.33,1361.692,19.00323,17.50328,28.14446,54.99554,1.881042,3.782476,0.06643426
"2017-12-03 22:00:00",33409,620.0183,599.826,0,27.418,26.157,69.544,59.931,1187.649,20.18589,18.96597,26.77075,64.9075,1.998542,3.299024,0.05204593
"2017-12-03 23:00:00",33410,620.1526,599.7344,0,26.177,25.376,75.611,69.518,1098.084,20.79149,20.12435,25.76409,72.34235,1.332777,3.050233,0.03036231
"2017-12-04 00:00:00",33411,620.3633,599.8168,0,25.416,24.815,81.531,75.607,1342.313,21.4882,20.77132,25.1108,78.77846,1.580972,3.728647,0.02623914
"2017-12-04 01:00:00",33412,620.3511,599.7894,0,24.844,24.253,86.232,81.441,1903.606,21.86073,21.44311,24.51864,84.02127,1.012291,5.287794,0.01516307
"2017-12-04 02:00:00",33413,620.3328,599.7222,0,24.304,23.772,88.781,86.113,2426.268,21.88425,21.70584,23.99962,87.45745,0.4531249,6.739632,0.007935459
"2017-12-04 03:00:00",33414,620.2869,599.765,0,23.792,23.151,91.084,88.656,2486.56,21.86295,21.54426,23.42586,90.02372,0.03868056,6.907112,0.00350513
"2017-12-04 04:00:00",33415,620.3602,599.765,0,23.392,22.55,92.92,90.357,2424.793,21.7902,21.29252,22.96504,91.65288,0.04069445,6.735535,0.003364905
"2017-12-04 05:00:00",33416,600.9066,599.7497,0,22.77,22.509,92.722,90.796,2348.183,21.51044,21.12123,22.64693,91.92717,0,6.522731,0.002967549
"2017-12-04 08:00:00",33417,619.8962,599.765,0,27.278,25.236,76.873,68.05,2870.523,21.24212,20.69739,26.24048,72.73193,2.436152,14.07119,0.04011455
"2017-12-04 09:00:00",33418,620.1343,599.8412,0,29.119,26.908,69.064,60.092,4067.487,21.0431,20.28945,28.02583,64.4435,2.736318,11.29858,0.09998775
"2017-12-04 10:00:00",33419,600.9493,599.7344,0,30.82,28.018,63.921,52.548,3317.61,21.23249,19.93259,29.43624,58.81074,2.872639,9.215583,0.1211153
"2017-12-04 11:00:00",33420,620.3389,599.7436,0,32.707,30.01,55.741,47.327,3352.505,20.887,19.63709,31.1338,51.93066,2.914166,9.312514,0.1467494
"2017-12-04 12:00:00",33421,600.9738,599.765,0,34.275,30.701,52.288,42.763,3829.128,20.79313,19.03826,32.79014,46.49981,2.742152,10.63647,0.1602506
"2017-12-04 13:00:00",33422,619.8901,599.9084,0,34.486,32.777,46.023,40.429,3294.271,20.32333,18.43714,33.5045,42.84356,2.876877,9.150752,0.1788183
"2017-12-04 14:00:00",33423,620.6075,599.8016,0,35.375,32.988,43.437,36.21,4065.43,19.40318,17.78501,34.55032,38.63983,3.136248,11.29286,0.2113197
"2017-12-04 15:00:00",33424,620.9677,599.7497,0,36.5,34.496,38.443,33.27,5267.192,19.17898,17.15917,35.51994,36.34624,2.967708,14.63109,0.2149004
"2017-12-04 16:00:00",33425,620.4121,599.7833,0,36.64,33.935,37.146,32.119,5630.569,18.32543,16.722,35.53588,34.53265,3.003403,15.64047,0.223749
"2017-12-04 17:00:00",33426,620.7143,599.829,0,35.722,33.698,39.324,32.771,4610.824,18.13599,16.74893,34.73114,36.44884,2.706251,12.80785,0.1947442
"2017-12-04 18:00:00",33427,620.5311,599.8596,0,33.986,32.178,43.552,37.822,2339.955,18.52741,17.38675,32.9931,41.23709,2.774791,6.499875,0.1746148
"2017-12-04 19:00:00",33428,620.5006,599.7802,0,32.148,30.6,46.595,43.582,1519.84,18.24446,17.78115,31.32052,44.84434,2.510625,4.221777,0.1074777
"2017-12-04 20:00:00",33429,620.6929,599.826,0,30.59,29.029,52.697,46.591,1352.701,18.51343,17.86657,29.72838,49.8918,2.321251,3.757503,0.08877385
"2017-12-04 21:00:00",33430,619.9084,599.7955,0,29.029,27.399,61.356,52.632,1263.216,19.34299,18.3779,28.14582,57.83744,1.983749,3.508933,0.06452091
"2017-12-04 22:00:00",33431,620.2595,599.8412,0,27.399,26.206,69.254,61.349,1179.276,20.15748,19.3007,26.74595,65.35412,1.165903,3.275765,0.03515697
"2017-12-04 23:00:00",33432,620.6533,599.7405,0,26.238,25.294,76.848,69.287,1093.238,21.03777,20.17282,25.79671,72.91759,1.320417,3.036773,0.02957904
"2017-12-05 00:00:00",33433,620.1588,599.7955,0,25.306,24.654,85.449,76.844,1510.149,22.08079,20.92439,24.87849,82.00612,1.100277,4.194858,0.01760212
"2017-12-05 01:00:00",33434,620.1313,599.7497,0,24.664,24.083,88.355,85.392,2441.901,22.11521,21.92327,24.35115,86.80647,0.8252081,6.783059,0.01175282
"2017-12-05 02:00:00",33435,620.0305,599.8229,0,24.102,23.762,89.604,88.296,3196.247,22.14532,21.92627,23.96742,89.00724,0.2214583,8.878463,0.006099451
"2017-12-05 03:00:00",33436,620.3113,599.7833,0,23.812,23.201,91.873,89.488,3307.811,22.03788,21.75121,23.56175,90.37183,0.04736111,9.188363,0.00449273
"2017-12-05 04:00:00",33437,620.3236,599.7772,0,23.26,22.64,94.688,91.846,3112.069,21.9465,21.70644,22.97676,93.24656,0,8.644636,0.00383365
"2017-12-05 05:00:00",33438,620.2503,599.8596,0,22.96,22.48,95.273,93.697,3000.192,22.02388,21.56835,22.66125,94.74897,0.05652779,8.333868,0.003922093
"2017-12-05 08:00:00",33439,620.1893,599.7497,0,26.538,24.695,84.938,75.605,5005.721,22.2949,21.70124,25.52848,80.92555,1.441328,15.64288,0.03346727
"2017-12-05 09:00:00",33440,620.2259,599.7497,0,28.43,26.206,76.439,64.773,5249.043,22.0584,20.89297,27.42302,70.26006,1.882152,14.58068,0.06520372
"2017-12-05 10:00:00",33441,620.2045,599.8229,0,30.77,28.15,65.3,53.89,4006.393,21.50904,19.79744,29.2989,60.45382,2.515903,11.12887,0.1057178
"2017-12-05 11:00:00",33442,620.0336,599.8046,0,32.518,29.201,57.763,47.824,3919.347,20.97003,19.80642,31.34726,51.95496,2.835418,10.88708,0.1450949
"2017-12-05 12:00:00",33443,620.9005,599.7283,0,34.455,31.638,51.847,42.796,3782.822,21.01165,19.26317,33.01795,46.35223,2.527848,10.50784,0.1506
"2017-12-05 13:00:00",33444,620.4731,599.7985,0,36.062,32.08,47.403,36.783,3703.08,20.15804,18.56583,33.8997,42.39722,2.641112,10.28633,0.169564
"2017-12-05 14:00:00",33445,620.2045,599.6856,0,36.45,33.755,41.834,33.974,4263.788,19.64056,17.78728,35.18977,37.93754,2.258126,11.84386,0.1638658
"2017-12-05 15:00:00",33446,619.9451,599.829,0,37.648,34.294,37.732,32.242,5519.344,19.10985,17.3953,35.77751,35.51695,2.241875,15.33151,0.1730932
"2017-12-05 16:00:00",33447,620.7143,599.8107,0,36.64,34.294,38.664,33.71,4804.415,19.15586,17.27736,35.31411,36.3983,2.119027,13.3456,0.1603069
"2017-12-05 17:00:00",33448,620.5037,599.7497,0,36.123,34.197,38.761,35.748,3476.625,19.25483,17.80083,35.20586,37.18097,1.83764,9.657293,0.137328
"2017-12-05 18:00:00",33449,620.8089,599.8748,0,34.335,32.668,42.814,38.691,2011.794,18.51101,18.1653,33.47082,40.85431,2.151528,5.588317,0.1415298
"2017-12-05 19:00:00",33450,620.2625,599.7802,0,32.668,30.93,48.728,42.777,1440.069,19.05274,18.37391,31.82402,45.92026,2.285486,4.000191,0.1002756
"2017-12-05 20:00:00",33451,620.4548,599.7497,0,30.951,28.84,58.373,48.623,1291.865,19.8911,18.84004,29.79233,53.8286,2.420557,3.588514,0.08425973
"2017-12-05 21:00:00",33452,620.7021,599.7466,0,28.859,27.598,63.18,58.277,1255.513,20.061,19.80408,28.10769,61.28668,1.834931,3.487535,0.05621954
"2017-12-05 22:00:00",33453,600.9219,599.7527,0,27.63,26.648,65.109,63.024,1223.859,19.98314,19.42843,27.11563,63.90888,1.74757,3.399609,0.04939425
"2017-12-05 23:00:00",33454,620.58,599.7802,0,26.648,25.856,70.394,64.773,1195.287,20.1337,19.35429,26.28882,66.49406,1.338888,3.320242,0.03725226
"2017-12-06 00:00:00",33455,620.2869,599.7497,0,25.927,25.014,80.824,70.281,1446.426,21.54407,19.95695,25.48738,74.98649,1.59264,4.017851,0.03126028
"2017-12-06 01:00:00",33456,620.1526,599.8565,0,25.036,24.574,85.96,80.855,2101.859,22.0951,21.51348,24.7999,83.34291,0.9525,5.838497,0.01538534
"2017-12-06 02:00:00",33457,620.2747,599.8107,0,24.584,24.042,89.621,85.957,2906.067,22.30671,22.01582,24.23064,88.0893,0.6845836,8.072408,0.01016699
"2017-12-06 03:00:00",33458,620.0947,599.8107,0,24.154,23.812,90.05,88.714,3781.49,22.27701,22.06128,24.01442,89.35773,0.8873609,10.50414,0.0115552
"2017-12-06 04:00:00",33459,620.2015,599.8138,0,23.812,23.141,92.65,90.035,3682.605,22.15074,21.80869,23.49278,91.34187,0.02666667,10.22946,0.004708133
"2017-12-06 05:00:00",33460,600.0702,599.7344,0,23.232,22.49,94.82,92.367,3095.641,21.98825,21.57813,22.8627,93.70914,0,8.599002,0.003808756
"2017-12-06 08:00:00",33461,619.9207,599.6978,0,25.596,24.906,84.246,78.582,3243.415,22.25826,21.5479,25.41433,80.74599,1.646572,10.84754,0.0314065
"2017-12-06 09:00:00",33462,619.7863,599.8962,0,28.458,25.496,79.125,65.214,4366.375,22.30458,21.02982,26.60358,73.94967,2.49007,12.12882,0.06872788
"2017-12-06 10:00:00",33463,620.2961,599.7802,0,30.939,27.579,67.994,54.333,3872.163,21.47809,20.24586,28.93073,61.89282,2.896667,10.75601,0.1132081
"2017-12-06 11:00:00",33464,620.3663,599.7833,0,32.398,29.4,59.348,48.138,3910.549,21.13856,19.65051,30.95472,53.46635,2.861041,10.86264,0.1407579
"2017-12-06 12:00:00",33465,620.6288,599.7497,0,33.677,30.458,54.462,43.347,3778.466,20.93061,19.28841,32.25576,48.46962,2.736876,10.49574,0.1528281
"2017-12-06 13:00:00",33466,620.5128,599.8871,0,35.554,32.927,46.566,38.625,3955.119,20.37736,18.39477,33.89064,42.42587,2.468263,10.98644,0.160544
"2017-12-06 14:00:00",33467,620.1679,599.7131,0,36.679,34.185,41.91,34.822,4090.594,19.77366,17.70325,35.22038,37.95096,2.28368,11.36276,0.1651214
"2017-12-06 15:00:00",33468,620.2869,599.7314,0,37.228,35.523,37.294,30.096,5230.898,19.25284,16.39874,36.30816,33.44809,2.021806,14.53027,0.1640429
"2017-12-06 16:00:00",33469,620.3846,599.7955,0,37.607,35.523,33.796,29.918,5221.623,18.39413,16.23249,36.47074,32.12518,1.793403,14.50451,0.1512205
"2017-12-06 17:00:00",33470,620.2595,599.6734,0,35.722,34.505,34.421,30.692,4186.983,17.1846,15.61399,35.07914,32.62353,1.570277,11.63051,0.1293036
"2017-12-06 18:00:00",33471,620.7173,599.6734,0,35.064,33.736,36.298,31.405,3493.938,16.7374,15.45027,34.47154,33.45287,1.264931,9.705382,0.103793
"2017-12-06 19:00:00",33472,619.9451,599.6856,0,33.746,31.32,50.007,36.433,1695.79,19.67505,16.79588,32.71257,43.56407,1.871042,4.710529,0.09315836
"2017-12-06 20:00:00",33473,620.6075,599.7497,0,31.33,28.728,60.32,50.008,1291.855,20.33067,19.66516,30.00873,55.26451,2.434652,3.588487,0.08247977
"2017-12-06 21:00:00",33474,620.348,599.71,0,28.728,26.998,67.07,60.291,1271.871,20.62477,20.24261,27.81362,64.33623,2.045902,3.532976,0.05538609
"2017-12-06 22:00:00",33475,620.5831,599.826,0,27.018,25.897,70.781,66.592,1288.747,20.56633,19.93428,26.41743,68.844,2.256875,3.579852,0.04964228
"2017-12-06 23:00:00",33476,620.4365,599.765,0,25.897,25.005,79.968,70.84,1457.786,21.36258,20.2057,25.40769,76.22154,1.570625,4.049407,0.02945408
"2017-12-07 00:00:00",33477,620.3022,599.7497,0,25.056,24.644,84.582,79.938,2318.971,21.93728,21.33701,24.82918,82.44085,1.748402,6.441586,0.02400534
"2017-12-07 01:00:00",33478,620.061,599.7497,0,24.684,24.494,86.51,84.636,3521.353,22.1521,21.91428,24.60456,85.48725,2.251457,9.781535,0.02406055
"2017-12-07 02:00:00",33479,620.3633,599.7131,0,24.542,24.394,86.888,86.382,4478.447,22.17357,21.99163,24.48472,86.61987,1.604722,12.44013,0.01944886
"2017-12-07 03:00:00",33480,620.0458,599.8565,0,24.514,24.234,86.746,85.953,4759.227,22.14058,21.77454,24.38074,86.41734,1.681458,13.22007,0.02032468
"2017-12-07 04:00:00",33481,620.2381,599.7497,0,24.284,23.862,87.689,86.109,4897.828,21.86483,21.67089,24.09336,86.87642,1.077847,13.60508,0.01586221
"2017-12-07 08:00:00",33482,620.0977,599.8565,0,27.117,25.544,81.718,73.932,3864.424,22.45297,21.86366,26.30017,77.89418,2.737222,17.17522,0.04153504
"2017-12-07 09:00:00",33483,620.3083,599.8107,0,28.56,26.598,76.035,65.814,5592.996,22.32295,20.93095,27.56708,70.56785,2.667918,15.5361,0.08459994
"2017-12-07 10:00:00",33484,600.9341,599.7527,0,31.048,27.56,68.533,53.485,4864.321,21.8273,20.1735,29.43654,60.51879,2.648125,13.512,0.1119338
"2017-12-07 11:00:00",33485,620.4518,599.7863,0,32.648,29.951,56.822,47.259,4844.382,20.94425,19.63596,31.21723,52.48357,2.759375,13.45662,0.141912
"2017-12-07 12:00:00",33486,620.1435,599.6978,0,34.326,32.01,49.37,40.003,5458.623,20.58626,18.72926,32.8885,45.74412,2.522431,15.16284,0.1550344
"2017-12-07 13:00:00",33487,620.3389,599.7497,0,35.253,33.039,45.211,37.479,6276.78,20.08627,17.96586,34.17453,41.01749,2.550139,17.4355,0.1744902
"2017-12-07 14:00:00",33488,620.3846,599.7894,0,36.041,34.134,40.857,33.765,7934,19.5298,17.18646,35.26852,36.95904,2.491389,22.03889,0.1888078
"2017-12-07 15:00:00",33489,620.4854,599.7375,0,37.05,35.563,36.322,31.661,9032.539,18.73904,16.82489,36.25996,33.88604,2.062222,25.09039,0.1739318
"2017-12-07 16:00:00",33490,620.2259,599.765,0,36.691,34.406,39.074,32.997,7370.866,19.56174,16.94222,35.73124,35.2181,2.056597,20.47463,0.1655436
"2017-12-07 17:00:00",33491,620.4854,599.8474,0,35.035,32.546,46.142,38.256,4096.509,19.89411,18.48305,33.83063,42.63021,2.888332,11.37919,0.1827241
"2017-12-07 18:00:00",33492,620.4579,599.7802,0,33.117,30.84,50.625,44.25,1984.572,19.76424,19.19642,31.98504,47.67048,2.772291,5.512701,0.1523944
"2017-12-07 19:00:00",33493,620.5586,599.765,0,30.85,28.958,56.66,50.357,1480.903,19.52215,18.93502,29.8761,52.77388,2.610209,4.113619,0.09078997
"2017-12-07 20:00:00",33494,620.3113,599.8107,0,28.958,27.669,63.494,56.528,1415.454,20.13153,19.38149,28.36123,59.17336,2.615,3.931817,0.07528853
"2017-12-07 21:00:00",33495,620.4213,599.7802,0,27.659,26.238,72.542,63.523,1407.97,21.00848,20.08975,26.99375,67.72923,1.797917,3.911027,0.04515763
"2017-12-07 22:00:00",33496,620.1923,599.7344,0,26.238,25.426,76.117,72.464,1617.6,20.93855,20.73634,25.80479,73.94627,1.583611,4.493334,0.0328088
"2017-12-07 23:00:00",33497,620.2076,599.765,0,25.426,24.794,82.184,76.113,2258.853,21.60542,20.91078,25.0964,79.29471,1.508403,6.27459,0.02560524
"2017-12-08 00:00:00",33498,620.2045,599.8718,0,24.794,24.353,85.71,82.174,2807.273,21.94564,21.51003,24.5084,84.09033,0.9570833,7.79798,0.01538795
"2017-12-08 01:00:00",33499,620.2381,599.7802,0,24.523,24.132,88.416,85.71,3397.418,22.12604,21.93789,24.33386,87.0681,0.8925691,9.437273,0.01301703
"2017-12-08 02:00:00",33500,620.2686,599.7344,0,24.334,24.073,88.908,87.56,3735.099,22.19767,22.06796,24.18344,88.32254,0.8853473,10.37527,0.01230586
"2017-12-08 03:00:00",33501,620.348,599.829,0,24.343,23.964,88.964,87.82,4110.13,22.27538,22.03105,24.18884,88.37693,1.024097,11.41703,0.01355445
"2017-12-08 04:00:00",33502,620.1801,599.7253,0,24.064,23.742,90.922,88.636,4342.946,22.28641,22.03605,23.9213,89.7633,1.850209,12.06374,0.01647438
"2017-12-08 07:00:00",33503,600.8883,599.8565,0,24.554,24.464,88.164,87.656,393.4877,22.42467,22.35645,24.51244,87.9092,0.131,15.73951,0.0009232954
"2017-12-08 08:00:00",33504,620.3052,599.6887,0,27.117,24.554,87.691,74.951,5430.426,22.76015,22.22025,25.27958,84.06206,0.8774999,15.08452,0.02512891
"2017-12-08 09:00:00",33505,620.1771,599.8412,0,28.888,26.688,75.18,66.414,4887.208,22.47346,21.50797,27.52353,71.64367,2.014722,13.57558,0.06529046
"2017-12-08 10:00:00",33506,619.9817,599.7466,0,31.43,27.759,69.783,54.141,3967.999,22.22241,20.22659,29.05037,62.55396,1.946807,11.02222,0.08143374
"2017-12-08 11:00:00",33507,620.3846,599.7253,0,32.438,30.35,59.716,47.092,3957.01,21.95447,19.12003,31.25717,52.36391,2.223542,10.99169,0.1176882
"2017-12-08 12:00:00",33508,620.7631,599.7619,0,33.855,30.99,52.482,41.833,4345.119,20.59928,18.76931,32.7294,46.08339,1.95368,12.06978,0.1223669
"2017-12-08 13:00:00",33509,620.2656,599.71,0,35.173,32.777,45.755,37.248,5706.606,19.70411,17.5037,33.9159,40.14333,2.441875,15.85168,0.1687884
"2017-12-08 14:00:00",33510,620.5403,599.7344,0,36.469,32.828,42.167,33.103,6425.585,18.98247,16.66836,34.77657,36.61316,2.026737,17.84885,0.156083
"2017-12-08 15:00:00",33511,620.3267,599.7985,0,36.45,33.207,39.052,33.251,6893.743,18.63282,16.77239,34.80495,35.89511,1.972291,19.14928,0.1552562
"2017-12-08 16:00:00",33512,620.5006,599.8718,0,36.531,34.335,36.01,31.594,6423.933,18.35534,16.60192,35.41347,34.17177,1.901806,17.84426,0.1547397
"2017-12-08 17:00:00",33513,620.7204,599.7375,0,35.97,33.177,39.556,34.374,4991.237,18.47202,17.29509,34.43857,37.23729,2.418958,13.86455,0.1750369
"2017-12-08 18:00:00",33514,620.4457,599.7405,0,33.427,31.451,46.467,38.835,2531.859,18.64551,17.4955,32.46547,42.78741,2.731458,7.032941,0.1666806
"2017-12-08 19:00:00",33515,620.2137,599.765,0,31.439,29.32,55.539,46.464,1334.465,19.51851,18.53024,30.35163,50.60108,2.656667,3.706847,0.09716607
"2017-12-08 20:00:00",33516,620.0427,599.8718,0,29.32,27.548,64.242,55.537,1182.081,20.24064,19.4975,28.36091,60.40214,2.699584,3.28356,0.07431784
"2017-12-08 21:00:00",33517,620.6533,599.7955,0,27.56,26.288,71.21,64.242,1061.892,20.68523,20.04802,26.88582,67.62167,2.022154,2.9497,0.04853725
"2017-12-08 22:00:00",33518,620.5555,599.8321,0,26.276,25.255,77.828,71.207,1249.952,21.14458,20.65388,25.72832,74.94585,1.80257,3.472089,0.03405287
"2017-12-08 23:00:00",33519,620.2717,599.7894,0,25.246,24.382,84.878,77.852,1735.228,21.7285,21.08056,24.76233,81.56617,1.26,4.820077,0.0198803
"2017-12-09 00:00:00",33520,620.29,599.7405,0,24.434,23.912,88.65,84.964,2324.459,21.99517,21.70652,24.17715,86.86266,0.7336805,6.456831,0.01075912
"2017-12-09 01:00:00",33521,620.2503,599.7375,0,23.972,23.682,91.184,88.621,3006.875,22.24465,21.92669,23.79355,90.05229,1.057847,8.352429,0.0112519
"2017-12-09 02:00:00",33522,620.1771,599.7344,0,23.862,23.592,92.203,91.054,3744.016,22.36817,22.22936,23.76688,91.44257,1.270347,10.40004,0.01166072
"2017-12-09 03:00:00",33523,620.2656,599.8351,0,23.612,23.331,93.744,92.18,4231.136,22.35371,22.16287,23.44205,93.01902,1.186875,11.75315,0.01020334
"2017-12-09 04:00:00",33524,620.2991,599.7955,0,23.392,23.212,94.574,93.742,4468.001,22.39194,22.25933,23.29326,94.22819,0.632986,12.41111,0.007721606
"2017-12-09 08:00:00",33525,620.058,599.7466,0,25.736,23.612,94.453,83.544,5491.791,23.02211,22.55028,24.16047,91.58562,1.090406,15.96451,0.0193677
"2017-12-09 09:00:00",33526,620.174,599.7955,0,27.909,25.656,83.43,70.07,5607.78,22.97967,21.50493,27.01457,75.59222,1.867987,15.57717,0.05538143
"2017-12-09 10:00:00",33527,620.3389,599.8229,0,30.56,27.418,71.488,54.851,4062.586,22.32825,20.19397,28.60908,64.72771,2.15639,11.28496,0.0832077
"2017-12-09 11:00:00",33528,620.2167,599.8016,0,31.598,29.958,57.688,48.296,3341.61,21.10655,19.03342,30.6974,53.50406,2.059237,9.282248,0.1056979
"2017-12-09 12:00:00",33529,620.1526,599.7497,0,33.597,30.291,51.85,41.443,3919.714,20.2005,18.43181,31.89278,47.21291,2.117499,10.88809,0.1256623
"2017-12-09 13:00:00",33530,620.3541,599.829,0,35.195,32.296,46.8,36.505,5701.208,20.51633,17.61014,33.76738,41.11203,2.056111,15.83669,0.1438686
"2017-12-09 14:00:00",33531,620.6838,599.8077,0,35.791,32.748,41.062,35.376,6812.851,18.98765,17.3295,34.4423,37.81442,2.287292,18.92459,0.169399
"2017-12-09 15:00:00",33532,620.4487,599.7802,0,36.45,33.955,37.548,33.048,8871.775,18.46318,17.07731,35.33966,35.18661,2.141737,24.64382,0.1734274
"2017-12-09 16:00:00",33533,620.5892,599.8229,0,36.171,34.335,37.283,33.58,7997.129,18.20068,17.2227,35.40625,35.07592,2.067778,22.21425,0.1671514
"2017-12-09 17:00:00",33534,620.4701,599.8565,0,35.603,33.448,39.052,34.074,6408.101,17.85492,16.93783,34.52405,36.3653,2.21604,17.80028,0.1679387
"2017-12-09 18:00:00",33535,620.0916,599.765,0,33.647,31.829,43.48,38.781,4654.574,18.00071,17.29613,32.77389,40.84708,2.221043,12.92937,0.1493154
"2017-12-09 19:00:00",33536,620.4091,599.7955,0,31.848,30.119,52.204,43.349,2072.171,19.26186,17.85848,30.98066,47.32293,2.502707,5.756031,0.1020103
"2017-12-09 20:00:00",33537,619.9969,599.8229,0,30.119,28.028,65.273,52.269,1257.289,20.93476,19.27325,29.11011,58.61197,2.795416,3.49247,0.08116607
"2017-12-09 21:00:00",33538,620.3938,599.826,0,28.04,26.427,71.898,65.304,1041.514,21.17837,20.90312,27.20532,69.19888,2.361598,2.893094,0.05151694
"2017-12-09 22:00:00",33539,620.5555,599.7924,0,26.437,25.204,78.684,71.861,1090.067,21.27916,20.85282,25.76767,75.55945,1.939513,3.027963,0.03477956
"2017-12-09 23:00:00",33540,620.3694,599.7802,0,25.216,24.445,83.568,78.652,1314.585,21.51165,21.21339,24.81646,80.72632,1.182292,3.651624,0.01949057
"2017-12-10 00:00:00",33541,620.1282,599.7894,0,24.464,24.034,88.189,83.539,1903.8,22.03636,21.48095,24.18572,86.18999,1.036944,5.288333,0.0134687
"2017-12-10 01:00:00",33542,620.2747,599.7344,0,24.154,23.984,90.27,88.125,3110.743,22.41797,21.99245,24.04362,89.58381,1.304722,8.640953,0.01318896
"2017-12-10 02:00:00",33543,620.3511,599.7344,0,24.154,23.984,90.646,89.789,3718.373,22.4142,22.30503,24.06298,90.16319,1.2175,10.32881,0.01270633
"2017-12-10 03:00:00",33544,620.2747,599.7344,0,24.012,23.802,91.56,90.586,3984.364,22.42452,22.33548,23.90145,91.14749,0.9818056,11.06768,0.0108713
"2017-12-10 04:00:00",33545,620.0794,599.768,0,23.832,23.532,92.878,91.525,4242.375,22.43185,22.29587,23.65538,92.36092,0.8709721,11.78438,0.009632182
"2017-12-10 07:00:00",33546,600.8638,599.8504,0,23.932,23.592,94.462,93.109,1084.558,22.87089,22.637,23.77882,93.77131,0.7503731,16.18744,0.00301338
"2017-12-10 08:00:00",33547,620.3236,599.7222,0,25.666,23.842,93.224,83.188,5575.829,22.8813,22.41777,24.4812,89.71953,1.038333,15.48841,0.02162033
"2017-12-10 09:00:00",33548,620.2381,599.8138,0,29.5,25.634,83.398,64.664,5685.91,22.76911,21.88012,27.27524,74.56245,1.624861,15.79419,0.05234712
"2017-12-10 10:00:00",33549,620.4365,599.7466,0,30.16,27.478,71.136,59.89,3584.774,22.10383,20.95732,28.29024,66.66947,1.565347,9.957706,0.06022391
"2017-12-10 11:00:00",33550,620.2015,599.7741,0,32.546,30.18,61.072,45.386,4065.655,22.07681,19.00295,31.25004,52.10705,1.871181,11.29349,0.1027369
"2017-12-10 12:00:00",33551,620.1557,599.8748,0,33.628,31.518,49.404,41.582,5425.536,20.27112,18.47637,32.40831,45.50135,1.970903,15.07093,0.1260914
"2017-12-10 13:00:00",33552,620.0671,599.6612,0,35.343,32.878,45.147,37.541,7238.778,20.28209,18.01395,34.09105,40.89594,1.937639,20.10772,0.1414094
"2017-12-10 14:00:00",33553,620.5586,599.8321,0,35.722,32.718,43.941,35.109,7826.497,19.96549,16.56653,34.45385,38.71266,1.918472,21.74027,0.1469623
"2017-12-10 15:00:00",33554,620.7875,599.7192,0,36.041,34.166,37.535,33.138,8396.108,18.0036,16.45882,34.79096,35.62914,2.221043,23.32252,0.1749745
"2017-12-10 16:00:00",33555,620.6807,599.7497,0,35.822,34.146,37.646,34.871,7972.156,18.6164,17.19078,35.13052,36.10073,2.227916,22.14488,0.1742691
"2017-12-10 17:00:00",33556,620.5953,599.7466,0,35.612,33.158,40.236,35.558,6618.741,18.63289,17.58539,34.49258,37.59166,2.220764,18.38539,0.1656129
"2017-12-10 18:00:00",33557,620.4701,599.7802,0,33.357,31.72,44.53,39.708,5340.38,18.21398,17.50238,32.41834,41.86031,2.225834,14.83439,0.1477154
"2017-12-10 19:00:00",33558,620.2503,599.7955,0,31.708,29.56,54.652,44.521,2468.006,19.48264,18.14268,30.71871,49.24605,2.545,6.855573,0.09902839
"2017-12-10 20:00:00",33559,620.4121,599.7924,0,29.548,27.88,63.221,54.681,1286.6,20.2735,19.47706,28.71765,58.11239,2.855001,3.573889,0.08223283
"2017-12-10 21:00:00",33560,620.3877,599.8382,0,27.88,26.726,69.054,63.25,1107.986,20.68991,20.10474,27.29437,66.02694,2.620903,3.077738,0.06070633
"2017-12-10 22:00:00",33561,620.6655,599.8687,0,26.718,25.746,75.418,69.074,1075.957,21.09097,20.58112,26.20243,72.34337,1.609027,2.988769,0.03503204
"2017-12-10 23:00:00",33562,620.3633,599.765,0,25.756,25.075,80.98,75.357,1281.174,21.60091,21.06497,25.39661,78.16039,1.477777,3.558815,0.02592276
"2017-12-11 00:00:00",33563,620.2625,599.7497,0,25.094,24.284,86.184,81.012,1624.57,21.90199,21.58829,24.67068,83.89111,0.3824306,4.512693,0.007785394
"2017-12-11 01:00:00",33564,620.293,599.8718,0,24.394,24.253,88.189,86.176,2296.654,22.28419,21.8501,24.3305,87.43697,0.7542359,6.379595,0.01057996
"2017-12-11 02:00:00",33565,620.2381,599.8107,0,24.334,24.202,88.594,88.064,2923.351,22.2962,22.16529,24.2793,88.29709,0.9077082,8.12042,0.01175519
"2017-12-11 03:00:00",33566,620.2015,599.7375,0,24.292,24.054,90.012,88.168,3394.998,22.39436,22.17208,24.21007,88.84168,0.9781249,9.430551,0.01223162
"2017-12-11 04:00:00",33567,620.29,599.7466,0,24.144,23.682,92.27,90.016,3689.53,22.54397,22.34751,23.97045,91.16398,0.6327081,10.24869,0.00875752
"2017-12-11 08:00:00",33568,620.0947,599.7344,0,27.078,24.194,92.898,78.168,3472.977,23.47005,22.77013,25.53666,86.32059,0.8401711,14.84178,0.01464617
"2017-12-11 09:00:00",33569,620.0794,599.8351,0,29.97,26.218,80.523,62.654,5520.717,23.18778,22.01881,28.08246,72.78281,2.159166,15.33532,0.06832056
"2017-12-11 10:00:00",33570,620.0794,599.8412,0,30,28.63,66.808,59.639,3595.239,22.43069,20.72945,29.51876,62.32472,2.236181,9.986774,0.09156857
"2017-12-11 11:00:00",33571,620.1557,599.7344,0,31.499,29.13,61.966,51.321,2446.141,21.69134,19.78934,29.92201,57.45415,1.876806,6.794836,0.08707117
"2017-12-11 12:00:00",33572,600.9402,599.7497,0,34.037,31.509,52.135,42.633,4178.509,20.73806,18.79461,32.73606,46.97018,2.254724,11.60697,0.1354807
"2017-12-11 13:00:00",33573,620.2137,599.6887,0,36.052,33.027,45.803,35.123,5386.39,20.62327,17.99214,34.59649,39.85072,1.918472,14.96219,0.1396285
"2017-12-11 14:00:00",33574,620.5892,599.7497,0,37.019,34.755,41.055,35.138,7270.246,20.26112,18.04871,35.50321,38.26859,2.057778,20.19513,0.1578062
"2017-12-11 15:00:00",33575,620.4121,599.7711,0,36.839,33.507,40.589,33.888,6763.778,19.42948,17.64939,35.3364,36.9338,2.213402,18.78827,0.1692661
"2017-12-11 16:00:00",33576,620.7021,599.7314,0,36.589,33.996,38.46,33.611,6007.933,18.79412,17.40228,35.29028,35.99966,2.541875,16.6887,0.190585
"2017-12-11 17:00:00",33577,620.4121,599.7222,0,35.931,33.357,40.854,34.485,4426.573,18.43693,17.3111,34.45189,37.31833,2.687987,12.29604,0.1898541
"2017-12-11 18:00:00",33578,620.6533,599.7375,0,33.386,31.478,45.419,40.545,2439.923,18.33387,18.04205,32.40266,42.97725,2.675625,6.777565,0.1628808
"2017-12-11 19:00:00",33579,620.6746,599.7894,0,31.49,29.82,51.04,45.353,1539.239,18.63486,18.22727,30.64223,47.82586,2.24007,4.275665,0.09265315
"2017-12-11 20:00:00",33580,620.6472,599.7802,0,29.85,28.388,58.207,51.037,1304.278,19.4053,18.61555,29.1061,54.40003,2.311111,3.622995,0.07923552
"2017-12-11 21:00:00",33581,620.0519,599.7497,0,28.4,27.22,64.462,58.208,1195.066,19.97009,19.41466,27.7477,61.92723,2.062777,3.319628,0.05919518
"2017-12-11 22:00:00",33582,620.406,599.765,0,27.22,26.276,68.426,64.488,1099.387,20.04015,19.83079,26.65346,66.60764,1.608819,3.053854,0.04260898
"2017-12-11 23:00:00",33583,620.4548,599.8565,0,26.308,25.336,77.55,68.398,1128.812,21.16297,20.02991,25.83037,72.37561,0.9548609,3.135589,0.02380589
"2017-12-12 00:00:00",33584,620.2503,599.7466,0,25.376,24.735,83.636,77.348,1366.466,21.81282,21.10291,24.99929,81.08031,0.7990279,3.795738,0.01461033
"2017-12-12 01:00:00",33585,620.3389,599.7497,0,24.764,24.574,86.808,83.636,2071.055,22.29697,21.81282,24.63812,85.99214,1.44118,5.752931,0.01713602
"2017-12-12 02:00:00",33586,620.2167,599.7497,0,24.674,24.514,87.539,86.586,2974.191,22.34817,22.25258,24.60695,86.8921,1.421736,8.261642,0.01677821
"2017-12-12 03:00:00",33587,620.3113,599.7497,0,24.535,24.263,88.346,87.508,3254.026,22.35199,22.16577,24.37879,87.97266,1.121181,9.038962,0.01384289
"2017-12-12 04:00:00",33588,600.8822,599.826,0,24.362,23.752,91.304,88.136,3504.47,22.32144,22.20155,23.98574,90.01399,0.6497919,9.734639,0.009327917
"2017-12-12 07:00:00",33589,613.2051,599.9023,0,24.744,24.514,89.582,88.412,516.9067,22.83708,22.66711,24.67131,89.04541,1.611111,14.35852,0.002596192
"2017-12-12 08:00:00",33590,600.931,599.7344,0,25.917,24.695,88.609,82.312,5018.088,23.00859,22.29855,25.21387,85.58272,2.491873,13.93913,0.04183954
"2017-12-12 09:00:00",33591,600.931,599.765,0,28.75,25.516,82.336,66.418,4714.048,22.39684,21.70209,26.77033,75.48013,2.778541,13.09458,0.07157531
"2017-12-12 10:00:00",33592,620.348,599.7955,0,30.43,27.45,70.27,57.023,3892.152,22.0467,20.79277,28.99794,64.1895,2.620417,10.81153,0.09885625
"2017-12-12 11:00:00",33593,600.931,599.7344,0,32.357,29.09,61.824,49.143,3235.725,21.35953,19.71933,30.7654,54.43934,2.515278,8.988124,0.1224168
"2017-12-12 12:00:00",33594,620.4335,599.765,0,32.678,30.42,54.079,47.116,2687.886,21.03326,19.65148,31.50463,50.99146,2.57882,7.46635,0.1346737
"2017-12-12 13:00:00",33595,620.058,599.7589,0,33.966,32.117,48.551,42.117,2953.619,20.26363,18.93441,32.69733,46.20316,2.23118,8.204497,0.1334965
"2017-12-12 14:00:00",33596,619.9359,599.826,0,35.644,33.167,44.551,38.48,4196.827,20.31544,18.63051,34.45639,40.92038,2.238402,11.65785,0.1533376
"2017-12-12 15:00:00",33597,620.4426,599.765,0,36.42,33.427,41.874,34.097,4422.607,20.10627,17.75129,35.12016,38.45804,1.926181,12.28502,0.1421393
"2017-12-12 16:00:00",33598,619.9969,599.7222,0,36.679,33.955,38.895,33.621,5277.803,19.06038,17.50633,35.10916,36.62364,2.031806,14.66056,0.1547143
"2017-12-12 17:00:00",33599,620.4609,599.8504,0,36.251,34.156,38.31,34.329,3674.331,18.70103,17.21253,35.22496,35.93492,1.298194,10.20648,0.1039653
"2017-12-12 18:00:00",33600,620.3846,599.826,0,34.875,32.818,41.689,36.195,2680.14,18.34829,17.39938,33.73976,38.87563,2.055138,7.444833,0.1423874
"2017-12-12 19:00:00",33601,620.3113,599.7192,0,32.818,30.99,46.089,41.125,1535.517,18.27891,17.76684,31.89013,43.76418,1.81889,4.265324,0.08905414
"2017-12-12 20:00:00",33602,620.4243,599.7711,0,31.01,28.31,62.862,45.417,1245.42,20.58383,17.76042,29.56813,54.79279,2.430417,3.459501,0.08218364
"2017-12-12 21:00:00",33603,620.3267,599.7802,0,28.32,26.738,71.77,62.888,991.2562,21.2752,20.56979,27.42054,68.08551,2.64125,2.753489,0.05748979
"2017-12-12 22:00:00",33604,620.4823,599.7283,0,26.758,25.817,75.109,71.773,1115.264,21.30085,20.83272,26.24037,73.24394,2.002777,3.097956,0.03933474
"2017-12-12 23:00:00",33605,620.2381,599.8474,0,25.827,25.156,82.4,75.168,1651.451,21.98396,21.10224,25.39676,80.18921,2.357153,4.587364,0.03208986
"2017-12-13 00:00:00",33606,620.0275,599.7863,0,25.175,24.896,84.082,82.308,2522.418,22.11759,21.93818,25.01257,83.48273,2.058958,7.006717,0.02529379
"2017-12-13 01:00:00",33607,620.2167,599.8107,0,24.995,24.844,84.398,82.789,3071.654,22.12375,21.76542,24.92747,83.64152,1.909653,8.532371,0.02437222
"2017-12-13 02:00:00",33608,619.8871,599.7802,0,24.896,24.542,84.082,82.588,3315.271,21.83057,21.62928,24.75084,83.2591,1.738193,9.209086,0.02364844
"2017-12-13 03:00:00",33609,620.1649,599.7741,0,24.584,24.194,86.162,83.992,3547.319,21.85631,21.67824,24.35757,85.43225,1.3875,9.853664,0.01844866
"2017-12-13 04:00:00",33610,620.2625,599.7955,0,24.253,24.042,86.689,85.359,3647.021,21.79307,21.54907,24.11981,86.22041,0.6827084,10.13062,0.01195579
"2017-12-13 08:00:00",33611,620.2625,599.7802,0,26.308,24.375,84.71,72.988,4276.499,21.71501,20.88723,25.41719,78.19415,1.907573,13.92996,0.04139636
"2017-12-13 09:00:00",33612,620.1099,599.7344,0,28.458,26.128,74.105,62.324,4593.39,21.39968,20.35205,27.3088,68.45499,2.510486,12.75942,0.08358466
"2017-12-13 10:00:00",33613,620.3174,599.7344,0,30.66,27.438,64.279,52.974,3402.201,20.71964,19.57847,28.83789,59.16423,2.58,9.45056,0.1089649
"2017-12-13 11:00:00",33614,620.2564,599.7497,0,31.659,29.74,54.676,48.429,3373.74,20.172,19.12721,30.79658,51.17393,2.653193,9.371499,0.1370042
"2017-12-13 12:00:00",33615,600.9585,599.768,0,34.216,30.26,51.912,39.941,3929.212,19.71996,17.89751,32.52097,44.38794,2.241667,10.91448,0.139943
"2017-12-13 13:00:00",33616,620.0549,599.707,0,35.304,32.699,43.087,36.354,4573.981,18.92914,17.33871,33.57835,39.74218,2.756389,12.7055,0.1843183
"2017-12-13 14:00:00",33617,620.6197,599.7711,0,35.861,33.925,38.445,32.764,6225.128,18.65358,16.37817,34.91556,35.49408,2.089236,17.29202,0.1625577
"2017-12-13 15:00:00",33618,620.6563,599.826,0,35.943,33.746,38.311,32.865,6748.66,17.95572,16.70632,34.702,35.51121,2.49757,18.74628,0.1889378
"2017-12-13 16:00:00",33619,620.1893,599.7344,0,35.653,33.855,37.279,33.652,5721.653,17.94607,16.37227,34.59264,35.54074,2.370555,15.89348,0.1784371
"2017-12-13 17:00:00",33620,620.754,599.7527,0,34.825,33.476,40.796,35.806,3911.429,18.50444,17.23259,34.14037,38.65304,2.28632,10.86508,0.1603546
"2017-12-13 18:00:00",33621,619.9542,599.8565,0,34.236,31.08,50.497,36.682,2660.799,19.6286,17.30897,33.0685,42.46185,2.631042,7.391108,0.1643284
"2017-12-13 19:00:00",33622,620.2503,599.707,0,31.138,29.541,54.619,50.339,1324.883,19.63262,19.27473,30.23893,52.40308,2.881458,3.680229,0.09820664
"2017-12-13 20:00:00",33623,620.345,599.7711,0,29.541,27.509,64.05,54.615,1205.33,20.12911,19.43412,28.5253,58.91578,2.650001,3.34814,0.07659239
"2017-12-13 21:00:00",33624,620.3602,599.7985,0,27.518,26.308,70.004,64.05,1072.753,20.55887,20.11771,26.84213,67.69034,2.307986,2.979869,0.05266847
"2017-12-13 22:00:00",33625,619.8749,599.7344,0,26.366,25.496,75.957,69.396,1159.936,20.98347,20.29218,25.85482,72.90988,1.820972,3.222046,0.03703115
"2017-12-13 23:00:00",33626,600.9158,599.7589,0,25.496,25.024,81.322,75.98,1633.45,21.67315,20.95756,25.22675,79.39293,2.405625,4.537362,0.03353033
"2017-12-14 00:00:00",33627,620.3113,599.7955,0,25.075,24.774,82.8,80.656,2499.098,21.69923,21.48864,24.94672,81.62014,2.286319,6.94194,0.02955704
"2017-12-14 01:00:00",33628,620.0671,599.8779,0,24.815,24.574,83.546,82.66,2953.87,21.70586,21.56143,24.69964,83.06449,1.809445,8.205194,0.02412139
"2017-12-14 02:00:00",33629,620.3297,599.7497,0,24.695,24.314,84.39,82.855,3365.485,21.64404,21.4927,24.51699,83.62054,1.886597,9.348569,0.02416843
"2017-12-14 03:00:00",33630,620.2717,599.7222,0,24.404,24.064,85.039,83.672,3451.832,21.57073,21.38968,24.29025,84.24739,0.9986109,9.588421,0.01617231
"2017-12-14 04:00:00",33631,620.2869,599.7497,0,24.314,24.042,85.068,83.926,3409.436,21.49947,21.38384,24.2301,84.3927,0.2355556,9.470656,0.007542759
"2017-12-14 07:00:00",33632,599.9969,599.9817,0,24.304,24.273,86.125,85.896,82.84651,21.85218,21.78274,24.28634,86.00283,1.766667,13.80775,0.0004499538
"2017-12-14 08:00:00",33633,619.9939,599.6978,0,26.308,24.273,86.406,74.582,4950.711,22.09821,21.17996,25.35672,80.21756,1.790417,13.75198,0.04304681
"2017-12-14 09:00:00",33634,620.1984,599.8412,0,28.72,25.836,75.789,59.546,4597.053,21.6755,19.87357,27.0229,69.72816,2.523958,12.76959,0.08043177
"2017-12-14 10:00:00",33635,620.0549,599.8412,0,29.951,28.159,62.224,52.8,3768.549,20.48954,19.03208,28.98674,57.75038,2.392777,10.46819,0.1068234
"2017-12-14 11:00:00",33636,620.3358,599.7711,0,32.238,28.5,57.347,42.986,3768.822,19.63362,17.83648,30.47224,49.99538,2.601666,10.46895,0.1378243
"2017-12-14 12:00:00",33637,620.3419,599.7497,0,33.657,30.99,45.388,38.167,4224.798,18.7279,16.63668,32.33764,41.58038,2.220973,11.73555,0.1456095
"2017-12-14 13:00:00",33638,620.2076,599.7497,0,34.634,32.398,42.486,33.523,5750.456,18.35472,15.71729,33.67895,36.466,2.062847,15.97349,0.1545849
"2017-12-14 14:00:00",33639,620.3602,599.7131,0,35.861,33.296,37.546,30.747,7820.648,17.53655,15.38956,34.76325,33.61041,1.844097,21.72402,0.1535452
"2017-12-14 15:00:00",33640,620.4365,599.8351,0,36.35,34.655,33.257,26.6,8540.293,17.0253,13.4394,35.47023,29.30421,1.792014,23.72304,0.161906
"2017-12-14 16:00:00",33641,620.1465,599.8565,0,36.789,35.023,30.514,24.591,7561.31,15.90411,12.84734,35.79691,27.29431,1.702361,21.00364,0.1578303
"2017-12-14 17:00:00",33642,619.9329,599.7497,0,36.033,33.996,31.414,26.442,6327.386,15.33059,13.18148,35.02139,28.5226,1.72125,17.57607,0.1524209
"2017-12-14 18:00:00",33643,620.2534,599.7497,0,34.037,32.758,34.505,28.622,4890.059,15.09606,13.20398,33.30479,31.14343,1.479167,13.5835,0.1235871
"2017-12-14 19:00:00",33644,620.0427,599.7222,0,32.758,29.58,52.996,34.164,2538.811,19.00654,14.93299,31.20572,43.74816,2.472778,7.052254,0.109019
"2017-12-14 20:00:00",33645,620.3633,599.707,0,29.57,27.56,60.948,53.058,1388.242,19.55047,18.98723,28.50459,57.66686,2.595208,3.856228,0.07796857
"2017-12-14 21:00:00",33646,619.8413,599.7955,0,27.56,26.157,69.695,61.07,1395.557,20.32996,19.40025,26.80809,66.25499,2.712708,3.876546,0.0608451
"2017-12-14 22:00:00",33647,620.4487,599.7802,0,26.167,25.255,74.42,69.722,1326.501,20.45007,20.20648,25.64528,72.62151,1.995555,3.684724,0.03959955
"2017-12-14 23:00:00",33648,620.1191,599.7955,0,25.255,24.684,78.89,74.406,1495.257,20.8177,20.365,24.95402,76.74306,1.55625,4.153492,0.02833289
"2017-12-15 00:00:00",33649,620.2411,599.7497,0,24.794,24.353,82.758,78.832,1801.572,21.26846,20.77989,24.57981,80.97471,1.685624,5.004367,0.02466733
"2017-12-15 01:00:00",33650,620.2259,599.8077,0,24.394,24.163,84.504,82.703,2527.549,21.48694,21.19479,24.23944,83.88505,1.682223,7.02097,0.02149253
"2017-12-15 02:00:00",33651,616.4286,599.7497,0,24.253,24.083,85.43,84.367,3181.668,21.55238,21.4426,24.17369,84.98492,1.133611,8.837967,0.01646177
"2017-12-15 03:00:00",33652,620.2259,599.7497,0,24.214,23.944,86.023,85.308,3476.332,21.65807,21.44246,24.08913,85.60926,1.067917,9.656478,0.01559468
"2017-12-15 04:00:00",33653,600.9188,599.7405,0,24.154,23.452,87.984,86.021,3712.234,21.78777,21.34251,23.77353,87.22508,1.133334,10.31176,0.01477598
"2017-12-15 08:00:00",33654,618.9316,599.6887,0,25.907,24.073,84.617,76.792,3475.471,21.86467,21.04156,24.97618,80.65342,2.039768,16.16498,0.0281932
"2017-12-15 09:00:00",33655,619.3621,599.8565,0,27.598,25.615,76.996,66.082,5420.635,21.6592,20.31306,26.59633,70.90018,2.424582,15.05732,0.07622091
"2017-12-15 10:00:00",33656,619.6795,599.7344,0,28.978,27.088,67.873,59.372,3821.634,20.87048,19.84145,28.07872,62.94918,2.204653,10.61565,0.08716246
"2017-12-15 11:00:00",33657,620.0061,599.7985,0,30.779,28.779,60.373,52.066,3450.599,20.89019,19.45437,29.88547,55.71381,1.559376,9.584996,0.07925484
"2017-12-15 12:00:00",33658,620.1923,599.7497,0,33.724,29.798,55.515,43.525,4288.618,20.83965,19.09878,31.8243,49.26404,1.582917,11.91283,0.09563128
"2017-12-15 13:00:00",33659,620.3052,599.768,0,34.406,32.357,48.62,39.847,5471.416,20.48577,18.08783,33.22206,43.29118,1.840624,15.19838,0.1253207
"2017-12-15 14:00:00",33660,620.1008,599.7924,0,35.851,32.318,45.806,33.789,6481.597,20.03824,16.79179,34.25657,38.70799,1.352847,18.00444,0.1081126
"2017-12-15 15:00:00",33661,620.3144,599.7863,0,36.201,33.974,38.326,33.007,9905.662,18.85357,16.7708,35.22673,35.7536,2.253958,27.51573,0.1811637
"2017-12-15 16:00:00",33662,620.0458,599.7131,0,35.534,34.185,38.338,34.14,10230.99,18.40023,17.09663,35.08998,35.63801,2.272152,28.41943,0.182919
"2017-12-15 17:00:00",33663,620.3236,599.7497,0,35.534,33.755,36.167,32.171,8897.396,17.75583,15.78645,34.76264,34.14453,1.50757,24.71499,0.1319529
"2017-12-15 18:00:00",33664,620.4823,599.7344,0,34.044,29.88,58.37,33.319,3454.022,20.90359,15.63849,31.29755,51.65309,2.343959,9.594505,0.1237198
"2017-12-15 19:00:00",33665,620.4365,599.7344,0,29.88,28.68,61.106,58.396,1548.661,20.88525,20.41019,29.24671,59.7802,2.160903,4.301836,0.06746946
"2017-12-15 20:00:00",33666,620.4091,599.7497,0,28.728,27.49,65.824,60.039,1517.526,20.56363,20.13719,28.22344,62.01885,1.913819,4.215349,0.05718489
"2017-12-15 21:00:00",33667,620.3236,599.765,0,27.499,26.157,72.949,65.82,1425.052,21.03891,20.53642,26.84386,69.37203,2.015625,3.958478,0.04610848
"2017-12-15 22:00:00",33668,620.3389,599.7344,0,26.148,25.224,79.208,72.699,1633.499,21.4169,20.82124,25.6386,76.25323,2.397084,4.537498,0.03885322
"2017-12-15 23:00:00",33669,620.2625,599.826,0,25.236,24.724,82.789,79.176,2331.397,21.64627,21.33697,24.96716,80.94176,2.201041,6.476103,0.02981236
"2017-12-16 00:00:00",33670,620.2869,599.8687,0,24.744,24.514,84.158,82.814,3203.982,21.71901,21.60019,24.63114,83.49566,2.048194,8.89995,0.02542667
"2017-12-16 01:00:00",33671,620.3113,599.8199,0,24.564,24.154,85.816,83.846,3611.355,21.72353,21.55202,24.34997,84.84645,1.62375,10.03154,0.02086543
"2017-12-16 02:00:00",33672,620.2411,599.7863,0,24.194,23.862,87.472,85.754,3840.411,21.75163,21.62775,24.04657,86.57628,1.311459,10.66781,0.01683882
"2017-12-16 03:00:00",33673,620.0916,599.7497,0,23.842,23.43,89.242,87.457,4042.122,21.75413,21.57401,23.6876,88.47334,0.7322918,11.22812,0.01126627
"2017-12-16 04:00:00",33674,620.116,599.7344,0,23.482,23.232,89.98,89.128,3771.855,21.65502,21.44537,23.37814,89.45198,0.09076391,10.47737,0.005439393
"2017-12-16 08:00:00",33675,620.061,599.7741,0,26.337,24.154,85.531,71.882,4533.997,21.74135,20.69818,25.2645,79.20653,1.665604,14.81698,0.03665702
"2017-12-16 09:00:00",33676,620.2778,599.765,0,28.4,26.026,72.746,61.775,4439.417,20.91218,20.2036,26.9306,67.8189,3.038681,12.33171,0.0973454
"2017-12-16 10:00:00",33677,600.9707,599.765,0,30.951,27.608,64.451,51.474,3602.204,20.67559,19.38124,28.7293,59.34781,2.90118,10.00612,0.1194065
"2017-12-16 11:00:00",33678,600.9585,599.7894,0,31.13,28.76,56.693,48.822,3480.589,19.97034,18.60369,30.05534,52.52593,2.74882,9.668302,0.1356325
"2017-12-16 12:00:00",33679,620.4487,599.7772,0,33.148,29.99,52.119,42.357,3766.934,19.59894,18.43767,31.50757,47.41837,2.465833,10.46371,0.1409056
"2017-12-16 13:00:00",33680,600.9768,599.7344,0,33.925,30.939,48.376,40.095,3985.566,19.67244,18.0023,32.29982,44.61211,2.667153,11.07102,0.160752
"2017-12-16 14:00:00",33681,620.2869,599.7405,0,35.023,32.188,42.062,37.224,4662.288,19.44678,17.15646,33.57621,39.77096,2.381597,12.9508,0.163195
"2017-12-16 15:00:00",33682,620.2381,599.7802,0,35.573,32.02,45.649,34.546,4936.509,18.93354,17.11986,33.72588,39.21926,2.036807,13.71253,0.1452461
"2017-12-16 16:00:00",33683,620.2625,599.7497,0,32.588,31.728,48.183,42.416,2215.709,19.53974,18.03255,32.13044,45.1869,2.287153,6.154747,0.1359565
"2017-12-16 17:00:00",33684,620.4579,599.7497,0,33.517,31.909,46.983,43.266,2159.637,19.66978,18.94508,32.78988,44.91389,2.469097,5.998993,0.1474923
"2017-12-16 18:00:00",33685,620.058,599.7436,0,32,30.869,47.579,44.9,1612.888,19.2349,17.62884,31.4571,46.47585,2.507292,4.480243,0.1408463
"2017-12-16 19:00:00",33686,620.4579,599.8382,0,30.869,29.26,49.066,45.015,1488.798,17.65295,16.9877,30.08527,46.10541,2.504235,4.135549,0.1013369
"2017-12-16 20:00:00",33687,620.1923,599.7619,0,29.27,27.74,57.076,49.06,1296.846,18.49574,17.47392,28.45981,53.39965,2.441041,3.602349,0.08229867
"2017-12-16 21:00:00",33688,620.4152,599.7039,0,27.74,26.218,67.718,57.136,1126.74,20.11267,18.50319,26.89036,64.0136,2.805694,3.129832,0.06608702
"2017-12-16 22:00:00",33689,620.6533,599.7344,0,26.218,25.255,71.73,65.539,1132.342,19.82735,19.19258,25.69527,68.50137,2.111666,3.145394,0.04696153
"2017-12-16 23:00:00",33690,620.348,599.7589,0,25.255,24.574,81.992,71.726,1407.167,21.34187,19.78382,24.87869,77.26094,2.045554,3.908796,0.03290726
"2017-12-17 00:00:00",33691,620.2503,599.765,0,24.625,24.273,84.55,81.994,2326.48,21.60539,21.33688,24.47363,83.46456,1.747431,6.462445,0.02249049
"2017-12-17 01:00:00",33692,620.2503,599.7222,0,24.394,24.083,86.742,84.027,3155.438,21.78269,21.48706,24.26817,84.98804,1.885487,8.765104,0.02205029
"2017-12-17 02:00:00",33693,619.9084,599.7344,0,24.093,23.952,87.771,86.714,4020.818,21.86314,21.68925,24.0204,87.28782,1.959028,11.16894,0.0199755
"2017-12-17 03:00:00",33694,600.873,599.7375,0,24.054,23.532,89.904,86.613,4428.965,21.83371,21.66776,23.73054,88.56062,1.474444,12.30268,0.01612068
"2017-12-17 04:00:00",33695,619.7772,599.7589,0,23.722,23.482,90.195,89.195,4592.649,21.87521,21.77457,23.5918,89.74357,0.9032643,12.75736,0.01199988
"2017-12-17 07:00:00",33696,600.8792,599.765,0,24.144,23.522,90.039,87.312,1166.735,22.03753,21.80457,23.86293,88.89423,1.089286,16.66764,0.004501435
"2017-12-17 08:00:00",33697,620.1038,599.8321,0,25.796,24.144,87.602,78.773,5642.329,22.10121,21.68027,24.88141,83.18571,1.839515,15.67313,0.03964662
"2017-12-17 09:00:00",33698,620.2961,599.7344,0,28.701,25.807,78.796,65.996,5303.121,22.283,21.37588,27.0017,73.00749,2.462708,14.73089,0.0726608
"2017-12-17 10:00:00",33699,620.2381,599.7344,0,30.041,27.72,67.81,57.468,4603.334,21.75203,20.58411,28.78942,63.51245,2.803194,12.78704,0.1070192
"2017-12-17 11:00:00",33700,620.1313,599.8412,0,32.777,28.869,61.658,47.35,3859.248,21.31527,20.11289,30.00101,57.50164,2.68611,10.72013,0.1204831
"2017-12-17 12:00:00",33701,620.3052,599.8718,0,33.775,30.5,52.718,41.964,4116.853,20.84646,18.61024,31.95459,48.21668,2.850209,11.4357,0.1586027
"2017-12-17 13:00:00",33702,620.1099,599.6734,0,34.716,31.54,45.955,37.608,4519.348,19.48294,17.59369,32.95179,42.16006,2.721875,12.55375,0.1734401
"2017-12-17 14:00:00",33703,620.4274,599.7344,0,36.232,32.927,39.158,29.831,8110.874,18.38979,15.66095,34.97907,34.7799,2.77007,22.5302,0.2116906
"2017-12-17 15:00:00",33704,620.3297,599.8107,0,36.51,33.794,35.687,30.768,8543.837,17.7497,15.858,35.49291,33.04685,2.420348,23.73288,0.1968224
"2017-12-17 16:00:00",33705,620.1893,599.7375,0,36.51,33.657,36.831,31.188,6740.55,17.5429,16.3083,34.57768,34.7244,2.642986,18.72375,0.1997647
"2017-12-17 17:00:00",33706,620.5555,599.7192,0,34.843,33.257,40.863,36.382,5617.67,18.40339,17.28714,33.90567,38.4781,2.469862,15.60464,0.1745853
"2017-12-17 18:00:00",33707,620.4701,599.8779,0,33.647,31.589,45.697,39.906,4371.721,18.51392,17.87557,32.73198,42.38025,2.655417,12.14367,0.1683517
"2017-12-17 19:00:00",33708,620.4701,599.8107,0,31.56,29.708,53.943,45.724,1915.189,19.43955,18.44791,30.51996,50.21325,2.915208,5.31997,0.1047231
"2017-12-17 20:00:00",33709,620.3724,599.71,0,29.72,27.88,65.246,53.972,1400.516,20.77592,19.41771,28.77898,59.00633,2.665833,3.890322,0.07743952
"2017-12-17 21:00:00",33710,600.9188,599.768,0,27.88,26.598,69.9,65.333,1261.398,21.01373,20.50817,27.13604,68.2305,2.258125,3.503883,0.05169171
"2017-12-17 22:00:00",33711,620.4976,599.7131,0,26.617,25.878,74.684,69.764,1334.615,21.07421,20.58965,26.2122,72.18416,1.987292,3.707263,0.0407876
"2017-12-17 23:00:00",33712,620.4091,599.7344,0,25.897,25.365,79.668,74.676,1748.311,21.67198,21.03294,25.6258,77.40613,1.899375,4.856419,0.03219159
"2017-12-18 00:00:00",33713,620.058,599.71,0,25.406,24.934,80.878,79.117,2345.977,21.62347,21.33973,25.21018,80.04953,1.718819,6.516603,0.02702866
"2017-12-18 01:00:00",33714,620.2747,599.7985,0,25.005,24.695,80.615,78.812,2736.388,21.37097,20.94805,24.85275,79.72207,2.045209,7.601079,0.03046865
"2017-12-18 02:00:00",33715,620.2961,599.7344,0,24.876,24.632,80.602,78.492,3127.365,21.11477,20.82243,24.76413,79.2904,1.960209,8.687123,0.03052522
"2017-12-18 03:00:00",33716,600.9066,599.7802,0,24.654,24.083,82.558,80.57,3253.175,21.11794,20.92209,24.30207,81.84291,1.226667,9.036596,0.02035185
"2017-12-18 04:00:00",33717,620.2747,599.7589,0,24.154,23.792,82.558,80.266,3366.626,20.95947,20.24198,24.00859,81.33649,1.313541,9.351738,0.02164426
"2017-12-18 08:00:00",33718,600.9371,599.8229,0,26.046,24.163,80.164,73.71,4090.865,21.10839,20.51881,25.1138,77.12373,2.029412,13.36884,0.04417398
"2017-12-18 09:00:00",33719,620.1374,599.7802,0,27.368,25.956,73.992,66.142,4365.537,21.15156,20.38554,26.50306,71.23031,2.443889,12.12649,0.07380535
"2017-12-18 10:00:00",33720,620.1435,599.7802,0,28.85,27.027,67.082,59.236,3527.871,20.9459,19.83421,27.96734,63.71289,2.30639,9.799641,0.08789254
"2017-12-18 11:00:00",33721,620.2503,599.765,0,30.888,28.451,60.025,50.949,3533.541,20.7475,19.20213,29.77799,55.4506,2.599514,9.815392,0.1214546
"2017-12-18 12:00:00",33722,620.0825,599.7497,0,31.598,29.6,54.178,47.787,2868.766,20.30342,18.7552,30.49317,51.39551,2.286111,7.968794,0.1188498
"2017-12-18 13:00:00",33723,620.3389,599.7344,0,32.758,31.048,49.753,44.406,3086.033,20.06576,18.59237,31.96958,46.38785,2.143196,8.572314,0.1272537
"2017-12-18 14:00:00",33724,620.1893,599.7711,0,33.538,31.888,46.498,40.987,2742.717,19.60209,17.80592,32.51265,43.59575,1.784028,7.618659,0.114452
"2017-12-18 15:00:00",33725,620.5586,599.7344,0,35.612,32.568,42.976,35.245,3689.333,18.89906,17.6166,34.11372,38.80661,1.940694,10.24815,0.1385545
"2017-12-18 16:00:00",33726,620.8883,599.7436,0,34.994,33.218,39.306,35.083,3129.558,18.17958,17.19995,34.0958,37.44064,1.732431,8.693217,0.127081
"2017-12-18 17:00:00",33727,620.3236,599.7802,0,34.134,33.039,38.757,35.856,2257.588,17.41447,16.83581,33.43123,37.71275,1.62132,6.271078,0.1163966
"2017-12-18 18:00:00",33728,620.1832,599.7802,0,33.158,32.518,39.431,37.896,1694.37,17.07068,16.38601,32.75555,38.33981,0.8309025,4.706584,0.06215683
"2017-12-18 19:00:00",33729,620.7845,599.8565,0,32.558,29.939,58.85,37.906,1391.64,21.05308,16.3472,31.1724,51.10225,2.159376,3.865667,0.08585422
"2017-12-18 20:00:00",33730,619.9207,599.8565,0,29.939,27.938,67.24,58.912,1164.521,21.38007,21.04926,28.84955,63.70246,2.714167,3.23478,0.06942952
"2017-12-18 21:00:00",33731,620.3907,599.7802,0,27.95,26.578,71.445,67.266,1224.075,21.37845,21.0062,27.22986,69.88938,2.246876,3.400208,0.0490033
"2017-12-18 22:00:00",33732,620.6807,599.765,0,26.578,25.796,74.434,71.434,1421.85,21.01963,20.75073,26.15634,72.54751,1.72757,3.949583,0.03674704
"2017-12-18 23:00:00",33733,619.8413,599.8016,0,25.817,25.104,81.789,74.464,1848.571,21.82114,20.94557,25.4045,79.25615,1.542222,5.134921,0.02589139
"2017-12-19 00:00:00",33734,620.2625,599.7802,0,25.114,24.825,83.912,81.783,2689.618,21.97362,21.75337,24.94672,82.90897,1.548611,7.471162,0.02212674
"2017-12-19 01:00:00",33735,620.2137,599.881,0,24.876,24.774,84.273,83.373,3436.946,22.00607,21.8171,24.82238,83.76086,1.397986,9.547071,0.02044599
"2017-12-19 02:00:00",33736,620.2747,599.8412,0,24.906,24.703,84.598,83.242,3961.547,21.99041,21.79556,24.80257,83.7754,1.314861,11.0043,0.02015683
"2017-12-19 03:00:00",33737,620.29,599.7497,0,24.774,24.574,85.77,84.398,4080.683,22.08174,21.94251,24.67392,85.11149,0.8203472,11.33523,0.01454882
"2017-12-19 04:00:00",33738,619.8749,599.7222,0,24.794,24.424,85.792,82.777,4116.458,22.06456,21.53927,24.58908,84.43246,1.628194,11.43461,0.02193934
"2017-12-19 08:00:00",33739,620.0671,599.7222,0,26.886,24.464,79.02,68.875,4895.24,21.07037,20.38304,25.47446,74.90845,1.876743,14.83406,0.04990317
"2017-12-19 09:00:00",33740,620.2747,599.765,0,28.07,26.238,70.644,61.857,4746.169,20.69605,19.63394,27.21714,65.64192,1.748056,13.1838,0.06844302
"2017-12-19 10:00:00",33741,620.3633,599.71,0,28.169,27.438,62.78,59.889,3244.355,19.91208,19.5031,27.72557,61.69688,1.399444,9.012098,0.06092453
"2017-12-19 11:00:00",33742,620.5769,599.7344,0,30.208,28.178,60.275,53.552,3503.992,20.23376,19.39075,29.14672,57.17426,1.271458,9.733311,0.06433459
"2017-12-19 12:00:00",33743,620.1679,599.7955,0,31.499,29.228,56.104,49.369,3394.609,20.1576,19.17052,30.14673,53.16119,1.73396,9.42947,0.09140257
"2017-12-19 13:00:00",33744,620.7112,599.9023,0,30.869,29.388,54.287,49.261,2443.297,19.73648,18.88157,30.16959,52.03465,1.394027,6.786935,0.07592762
"2017-12-19 14:00:00",33745,619.939,599.765,0,31,29.951,52.119,47.711,2055.77,19.52187,18.54545,30.53433,50.05455,1.264028,5.710471,0.07211498
"2017-12-19 15:00:00",33746,620.5159,599.8107,0,31.201,30.56,50.739,47.133,2021.176,19.36436,18.38934,30.85208,48.62805,1.283819,5.614377,0.07537362
"2017-12-19 16:00:00",33747,600.9799,599.7497,0,32.117,30.779,48.98,43.248,2019.519,19.53401,17.82143,31.49212,45.90031,1.036458,5.609776,0.06629213
"2017-12-19 17:00:00",33748,620.0336,599.8993,0,31.458,30.99,46.824,44.581,1675.31,18.52577,17.60127,31.17924,45.57362,0.9324313,4.653639,0.05975984
"2017-12-19 18:00:00",33749,600.9432,599.7222,0,31.298,30.359,48.883,45.388,1511.032,18.49995,17.95972,30.80001,46.90868,0.1161112,4.197312,0.01118001
"2017-12-19 19:00:00",33750,600.8242,599.7497,0,30.42,29.109,52.261,48.233,1311.226,18.74257,18.19712,29.84594,50.08909,0.01347222,3.642293,0.002827895
"2017-12-19 20:00:00",33751,620.2991,599.7222,0,29.478,28.66,53.476,51.009,1262.488,18.58211,18.11635,28.99739,52.40903,0.0175,3.506911,0.002909453
"2017-12-19 21:00:00",33752,620.6563,599.7466,0,29.08,26.957,75.128,51.832,1205.151,22.19315,18.06959,28.20357,61.278,1.409445,3.34764,0.04671973
"2017-12-19 22:00:00",33753,620.2106,599.6978,0,26.938,25.878,80.188,75.152,1345.58,22.37839,22.16593,26.31754,78.44034,1.168403,3.737723,0.02231728
"2017-12-19 23:00:00",33754,620.3816,599.7802,0,25.886,25.175,81.916,79.972,2121.293,22.22984,21.87804,25.48639,81.32785,1.024028,5.892481,0.01814822
"2017-12-20 00:00:00",33755,620.2625,599.8687,0,25.204,24.654,85.48,81.777,2686.914,22.11021,21.83945,24.92979,83.54947,0.4286805,7.463649,0.009682158
"2017-12-20 01:00:00",33756,620.2625,599.7009,0,24.654,24.375,87.48,85.466,3164.62,22.2122,22.01737,24.48341,86.54263,0.1725695,8.790612,0.006086349
"2017-12-20 02:00:00",33757,620.2991,599.7344,0,24.394,24.292,87.8,87.449,3419.251,22.22889,22.13376,24.34483,87.68381,0,9.49792,0.004262548
"2017-12-20 03:00:00",33758,620.1679,599.765,0,24.362,24.102,88.529,87.714,3409.494,22.21573,22.08534,24.19761,88.18874,0.068125,9.470817,0.004973985
"2017-12-20 04:00:00",33759,619.8383,599.7344,0,24.284,24.102,88.082,87.55,3805.399,22.13611,22.00061,24.2136,87.78818,0.27375,10.57055,0.007565815
"2017-12-20 08:00:00",33760,600.8975,599.7344,0,25.776,24.925,84.332,77.609,4563.228,22.14796,21.49596,25.26639,81.22901,0.9345728,14.44059,0.02457759
"2017-12-20 09:00:00",33761,620.1282,599.8229,0,26.828,25.525,78.156,72.654,4652.753,21.69894,21.24692,25.97207,76.04764,1.512431,12.92432,0.04447455
"2017-12-20 10:00:00",33762,620.2625,599.8718,0,27.068,26.177,74.863,70.986,3898.5,21.56523,21.23326,26.60003,73.04228,1.155833,10.82917,0.03937256
"2017-12-20 11:00:00",33763,620.4579,599.8718,0,28.859,26.738,72.174,64.033,3863.24,21.71548,21.08587,27.6733,68.19068,1.038681,10.73122,0.04225681
"2017-12-20 12:00:00",33764,620.3663,599.7497,0,30,28.31,65.992,58.173,3927.508,21.62582,20.72531,29.21127,61.8336,1.031459,10.90974,0.05018974
"2017-12-20 13:00:00",33765,620.5433,599.7222,0,32.09,29.66,60.327,50.773,3732.981,21.54998,20.49716,30.34443,57.08514,1.101111,10.36939,0.0589756
"2017-12-20 14:00:00",33766,620.4518,599.7527,0,33.257,31.109,54.322,47.666,3523.662,21.82428,20.04115,31.88489,51.2034,1.439792,9.78795,0.08386929
"2017-12-20 15:00:00",33767,620.5189,599.7131,0,31.439,30.228,55.502,50.795,1818.177,20.54658,19.80952,30.60461,53.76007,1.523194,5.050492,0.07844576
"2017-12-20 16:00:00",33768,620.6411,599.7955,0,31.9,30.279,55.343,50.011,2124.039,20.85358,19.94819,31.13264,52.49236,1.253333,5.900107,0.06911683
"2017-12-20 17:00:00",33769,620.4976,599.7833,0,31.43,30.888,52.73,50.599,1808.007,20.43009,19.69594,31.1043,51.51639,1.075625,5.022242,0.06100917
"2017-12-20 18:00:00",33770,620.2503,599.7344,0,31.17,29.93,53.751,50.791,1496.862,19.98422,19.42133,30.34827,52.66302,1.380278,4.15795,0.07262295
"2017-12-20 19:00:00",33771,620.4548,599.765,0,29.939,28.58,60.581,53.462,1286.709,20.25909,19.43948,29.23076,57.32634,1.387639,3.574193,0.05213795
"2017-12-20 20:00:00",33772,620.2839,599.8107,0,28.59,27.409,67.93,60.668,1249.157,20.98507,20.1992,28.02765,63.18624,1.886598,3.46988,0.05441868
"2017-12-20 21:00:00",33773,620.3389,599.7955,0,27.428,26.598,74.707,67.934,1308.37,21.76731,20.98968,27.00942,71.48656,1.317361,3.634361,0.03220653
"2017-12-20 22:00:00",33774,620.3022,599.7772,0,26.628,25.676,81.382,74.738,1994.853,22.45639,21.77353,26.04802,79.51994,2.006249,5.541258,0.03091603
"2017-12-20 23:00:00",33775,620.0825,599.7375,0,25.697,25.376,82.764,81.18,2983.879,22.28779,22.15313,25.51067,81.92789,1.394514,8.288552,0.02238518
"2017-12-21 00:00:00",33776,620.1649,599.6917,0,25.396,25.204,84.14,82.789,3494.174,22.38288,22.24997,25.26575,83.66997,0.8437502,9.706039,0.01545361
"2017-12-21 01:00:00",33777,619.8962,599.7497,0,25.275,25.184,84.344,83.52,3902.325,22.43509,22.25431,25.23141,83.92306,0.9493747,10.83979,0.01674042
"2017-12-21 02:00:00",33778,620.1649,599.7009,0,25.255,24.774,86.914,83.664,4114.108,22.54543,22.27247,25.12997,84.55154,0.6606945,11.42808,0.0134551
"2017-12-21 03:00:00",33779,620.2991,599.7344,0,24.876,24.404,89.449,86.126,4285.541,22.71167,22.3539,24.77094,86.99695,0.2011806,11.90428,0.0075883
"2017-12-21 04:00:00",33780,620.2289,599.7131,0,24.472,24.222,90.512,88.05,4351.711,22.7385,22.37218,24.33996,89.87695,0.1543055,12.08809,0.006654633
"2017-12-21 08:00:00",33781,620.1404,599.8871,0,26.558,24.995,78.789,73.203,4646.052,21.64695,21.01183,25.79507,76.08189,1.550079,14.74937,0.04039276
"2017-12-21 09:00:00",33782,600.9615,599.826,0,26.288,25.878,75.832,73.75,4037.19,21.43932,21.11708,26.07232,74.69485,1.465208,11.21442,0.04431136
"2017-12-21 10:00:00",33783,620.2137,599.765,0,26.738,25.156,84.382,72.148,3646.156,22.81592,21.1798,26.23785,75.77436,1.064167,10.12821,0.03345983
"2017-12-21 11:00:00",33784,620.2747,599.7497,0,27.72,25.736,83.828,68.922,4051.057,22.82564,21.32976,26.74627,75.11784,1.042986,11.25294,0.0347893
"2017-12-21 12:00:00",33785,620.4609,599.8107,0,30.09,27.659,70.238,59.263,4139.537,22.60857,20.56923,29.0611,62.95223,1.113334,11.49871,0.05224728
"2017-12-21 13:00:00",33786,620.3633,599.768,0,29.74,28.701,63.062,57.681,2428.667,21.0796,20.34497,29.19486,60.13937,1.1075,6.746296,0.05188473
"2017-12-21 14:00:00",33787,620.3755,599.7344,0,31.369,29.138,59.985,51.636,2397.058,21.0968,19.91356,29.91201,56.399,0.8304862,6.658494,0.04468175
"2017-12-21 15:00:00",33788,620.3541,599.9329,0,32.498,30.85,52.882,47.307,2690.169,20.51648,19.36945,31.39588,50.33964,1.501666,7.472692,0.08584414
"2017-12-21 16:00:00",33789,620.0305,599.7527,0,31.848,30.93,50.748,46.64,2138.092,19.7653,18.85615,31.3286,48.58077,1.776667,5.939145,0.1011977
"2017-12-21 17:00:00",33790,620.4182,599.7222,0,31.589,30.619,49.524,46.777,1735.214,19.08703,18.46465,30.9636,48.2674,1.433264,4.82004,0.08308385
"2017-12-21 18:00:00",33791,620.4518,599.7802,0,30.92,30.041,50.359,48.056,1533.429,18.90231,18.35991,30.43061,49.23574,1.112709,4.259524,0.06433149
"2017-12-21 19:00:00",33792,600.9219,599.7344,0,30.048,29.17,52.461,49.905,1365.278,18.54387,18.34497,29.59284,51.07166,0.1644445,3.792438,0.01073224
"2017-12-21 20:00:00",33793,620.4579,599.8779,0,29.26,28.208,64.074,51.927,1274.587,20.78809,18.25031,28.7264,54.56397,0.4234028,3.540519,0.02119004
"2017-12-21 21:00:00",33794,620.6777,599.8412,0,28.22,26.218,78.804,64.105,1237.941,22.30727,20.78087,27.26598,71.85287,2.009584,3.438724,0.04275828
"2017-12-21 22:00:00",33795,620.116,599.7741,0,26.198,25.336,80.926,78.742,1814.526,22.25474,21.82863,25.68672,80.07834,1.250625,5.040349,0.02182476
"2017-12-21 23:00:00",33796,620.2381,599.7863,0,25.346,24.906,83.988,80.894,2625.01,22.05968,21.81504,25.14184,82.26524,0.890139,7.291694,0.01614302
"2017-12-22 00:00:00",33797,620.2595,599.7344,0,24.915,24.584,86.861,83.957,3192.258,22.3164,22.01077,24.70959,85.70734,0.6215279,8.867383,0.01135424
"2017-12-22 01:00:00",33798,620.1862,599.7161,0,24.764,24.654,87.041,86.523,3905.417,22.45078,22.31107,24.71267,86.78479,0.6778471,10.84838,0.01198054
"2017-12-22 02:00:00",33799,620.2411,599.7344,0,24.654,24.324,88.416,87.041,4168.792,22.36953,22.28022,24.44775,87.88811,0.3741667,11.57998,0.008906228
"2017-12-22 03:00:00",33800,620.2595,599.7192,0,24.654,24.284,88.632,87.304,4217.746,22.47576,22.28543,24.45799,88.1306,0.6778473,11.71596,0.0114233
"2017-12-22 04:00:00",33801,620.2656,599.7161,0,24.574,24.073,89.566,87.38,4235.008,22.36596,22.16481,24.28127,88.50729,0.1513889,11.76391,0.006704488
"2017-12-22 08:00:00",33802,620.0671,599.7497,0,26.546,24.995,79.531,69.496,4274.108,21.30306,20.29755,25.84391,74.60187,2.420036,15.42999,0.05133159
"2017-12-22 09:00:00",33803,620.2411,599.7466,0,29.138,26.598,69.504,55.892,4590.379,20.59215,19.21301,27.8558,62.102,3.083956,12.75105,0.1170432
"2017-12-22 10:00:00",33804,620.1404,599.826,0,31.029,29.08,55.962,48.844,3999.893,19.83327,18.31313,29.87552,53.12385,2.967501,11.11081,0.1431551
"2017-12-22 11:00:00",33805,620.2289,599.7375,0,32.136,30.24,54.318,47.042,3852.234,20.38443,18.31284,31.05062,49.13499,2.221876,10.70065,0.1243656
"2017-12-22 12:00:00",33806,620.6197,599.7772,0,33.318,30.65,50.962,42.972,4247.725,20.46694,18.53403,32.10256,46.5606,2.702987,11.79924,0.1570855
"2017-12-22 13:00:00",33807,600.986,599.8412,0,34.134,31.618,47.054,40.285,3981.956,20.11555,18.48593,32.52848,44.40953,2.511388,11.06099,0.1540183
"2017-12-22 14:00:00",33808,620.3144,599.7955,0,35.612,32.917,43.677,38.419,5423.118,20.59213,18.39052,34.0168,40.99805,2.21875,15.06422,0.1535184
"2017-12-22 15:00:00",33809,620.6929,599.8779,0,35.253,32.338,44.527,38.412,3587.344,20.02492,18.24609,33.18815,42.14798,2.362569,9.964845,0.1528541
"2017-12-22 16:00:00",33810,620.2045,599.7344,0,35.632,32.758,44.216,37.16,3695.115,19.54365,18.29343,33.83351,41.09841,2.219791,10.26421,0.1492622
"2017-12-22 17:00:00",33811,619.9023,599.7222,0,35.394,32.607,43.252,37.812,2709.848,19.41987,18.04333,33.56409,41.1769,2.302153,7.527355,0.1510412
"2017-12-22 18:00:00",33812,620.2503,599.7375,0,33.407,30.388,56.455,40.312,1888.91,20.77762,17.9803,32.4169,44.514,2.153195,5.246972,0.1305428
"2017-12-22 19:00:00",33813,620.4213,599.6826,0,30.388,28.619,63.958,56.487,1283.193,21.14701,20.49236,29.50471,59.05199,2.155484,3.564426,0.06881244
"2017-12-22 20:00:00",33814,620.2656,599.7222,0,28.638,27.136,75.516,64.019,1214.703,22.4579,21.13965,27.74649,70.24197,2.079653,3.374176,0.04677547
"2017-12-22 21:00:00",33815,619.8718,599.6978,0,27.136,26.087,78.615,75.546,1797.223,22.72167,22.09364,26.57239,77.88931,2.228541,4.992285,0.03584479
"2017-12-22 22:00:00",33816,620.3846,599.8718,0,26.106,25.586,81.062,78.602,2551.925,22.14053,22.02374,25.80918,79.88182,1.781597,7.088679,0.02849774
"2017-12-22 23:00:00",33817,620.2717,599.7497,0,25.576,25.326,83.398,81.058,2960.032,22.34928,22.09538,25.41378,82.5892,0.6660417,8.22231,0.01361153
"2017-12-23 00:00:00",33818,620.2778,599.8871,0,25.416,25.316,83.554,83.035,3268.245,22.42443,22.28193,25.36389,83.26038,0.9665281,9.078459,0.01690864
"2017-12-23 01:00:00",33819,620.3144,599.7955,0,25.396,25.216,85.216,83.494,3446.165,22.61062,22.39379,25.30688,84.3502,0.6676388,9.572681,0.0130333
"2017-12-23 02:00:00",33820,619.9573,599.7344,0,25.275,24.876,87.018,85.134,3592.144,22.63149,22.50242,25.06378,85.94744,0.409375,9.978176,0.009474997
"2017-12-23 03:00:00",33821,620.2503,599.7009,0,24.934,24.542,88.474,86.984,3625.654,22.67269,22.48459,24.75202,87.6772,0.2958334,10.07126,0.007688922
"2017-12-23 04:00:00",33822,620.2259,599.71,0,24.542,24.034,91.34,88.458,3547.841,22.60733,22.39989,24.27744,89.9318,0.02756944,9.855113,0.004648379
"2017-12-23 08:00:00",33823,619.7985,599.7344,0,26.789,24.844,82.332,73.96,4074.733,21.99045,21.50407,25.58187,79.10098,1.239796,13.85964,0.02886584
"2017-12-23 09:00:00",33824,620.3602,599.768,0,28.529,26.678,74.644,65.857,4854.717,22.03649,21.14931,27.47449,70.62821,1.919236,13.48532,0.06475865
"2017-12-23 10:00:00",33825,600.9249,599.7283,0,29.541,27.438,69.542,61.776,3376.598,21.71941,20.95798,28.41495,65.36817,1.847847,9.379439,0.07083912
"2017-12-23 11:00:00",33826,620.3846,599.7589,0,30.791,28.76,64.125,56.479,3156.242,21.81782,20.88358,29.73497,60.31495,1.542917,8.767339,0.07037525
"2017-12-23 12:00:00",33827,620.0794,599.7497,0,33.248,29.888,59.589,48.852,3200.223,21.68893,20.62763,31.20432,54.9522,1.954792,8.889507,0.09884337
"2017-12-23 13:00:00",33828,620.2534,599.7619,0,35.013,31.41,53.747,43.255,3734.436,21.66492,20.26781,33.04623,49.07108,2.064167,10.37343,0.1208855
"2017-12-23 14:00:00",33829,620.0061,599.8107,0,35.783,32.908,50.183,40.905,3895.234,21.45638,20.06142,34.2957,44.86132,1.859722,10.82009,0.12191
"2017-12-23 15:00:00",33830,619.8932,599.7497,0,36.699,33.248,47.318,37.539,3743.744,21.13942,18.95236,34.56477,42.58838,2.013194,10.39929,0.1356909
"2017-12-23 16:00:00",33831,620.6075,599.8199,0,35.423,25.426,86.464,40.449,2078.881,23.37095,19.40025,30.66498,57.00363,2.999652,5.774668,0.1314515
"2017-12-23 17:00:00",33832,620.2808,599.7527,12.446,25.384,23.141,96.806,86.873,1109.508,23.41148,22.36737,23.73834,95.01988,0.5894445,3.081966,0.005582215
"2017-12-23 18:00:00",33833,600.7601,600.119,0.508,24.995,23.952,96.496,94.242,1393.497,24.23412,23.27511,24.50176,95.20561,0,3.870825,0.003432017
"2017-12-23 19:00:00",33834,619.6154,599.8565,0,25.024,24.394,96.936,94.934,1537.43,24.25549,23.69361,24.60445,95.97412,0,4.27064,0.002070741
"2017-12-23 20:00:00",33835,600.8944,599.826,0,25.634,24.404,95.238,79.71,1822.221,24.0886,21.82693,24.88993,88.61002,0.4123611,5.061725,0.006587025
"2017-12-23 21:00:00",33836,619.2491,599.8718,0,25.406,25.014,82.99,80.816,2695.305,22.08462,21.75871,25.17823,81.87602,0.6855556,7.486959,0.01396038
"2017-12-23 22:00:00",33837,619.4078,599.7344,0,25.085,24.654,86.406,82.449,3141.915,22.27865,21.81685,24.8371,84.31127,0.8854166,8.727543,0.01493174
"2017-12-23 23:00:00",33838,619.359,599.8565,0,24.674,24.343,89.25,86.258,3493.939,22.52297,22.20896,24.54737,87.90482,0.6944444,9.705387,0.01100353
"2017-12-24 00:00:00",33839,619.3193,599.7375,0,24.394,23.842,92.367,89.164,3777.615,22.72349,22.4333,24.06239,91.18599,0.1440278,10.49338,0.005720975
"2017-12-24 01:00:00",33840,600.0702,599.7497,0,24.382,24.054,92.234,91.378,3555.1,22.98364,22.68846,24.22343,91.76722,0,9.875278,0.004397482
"2017-12-24 02:00:00",33841,600.812,599.7497,0,24.424,23.191,94.838,91.558,3389.967,23.25794,22.18134,24.02414,93.50003,0.1973611,9.416574,0.00522504
"2017-12-24 03:00:00",33842,619.1057,599.9176,0.508,23.612,22.218,97.156,93.691,3311.083,22.61031,21.74427,22.91186,95.39771,0.006388889,9.197453,0.004069672
"2017-12-24 04:00:00",33843,600.8058,600.1984,0.762,22.328,21.968,98.876,97.082,2946.384,22.0533,21.72197,22.17678,98.12457,0.002152778,8.184399,0.003600339
"2017-12-24 05:00:00",33844,600.6899,600.2839,0,22.058,21.827,99.078,98.613,2854.875,21.91617,21.65762,21.947,98.90939,0,7.930209,0.003485102
"2017-12-24 08:00:00",33845,617.4908,599.7344,0,25.544,23.01,97.71,85.554,3120.272,23.34491,22.54195,24.0511,92.7029,0.06422558,10.50597,0.007236937
"2017-12-24 09:00:00",33846,616.6606,599.8107,0,27.499,25.474,85.492,74.57,4756.993,23.4869,22.10818,26.31017,80.61077,1.013403,13.21387,0.02967719
"2017-12-24 10:00:00",33847,617.2405,599.765,0,29.47,27.428,77.42,64.951,4518.992,23.36103,21.49228,28.2914,70.56301,1.257708,12.55276,0.04758786
"2017-12-24 11:00:00",33848,611.1172,599.9268,0,31.291,28.04,68.542,55.628,3716.309,22.43445,20.98948,29.01202,64.25634,1.785277,10.32308,0.0723489
"2017-12-24 12:00:00",33849,619.2552,599.7375,0,32.539,29.74,60.337,48.362,4048.418,21.74599,20.18908,30.76336,55.90429,1.705902,11.24561,0.08755861
"2017-12-24 13:00:00",33850,620.0794,599.8626,0,33.826,30.869,54.308,43.46,4073.295,21.45755,19.4685,32.3147,49.64123,1.621945,11.31471,0.09723078
"2017-12-24 14:00:00",33851,620.2289,599.7497,0,34.815,32.468,48.348,39.818,3704.655,20.84155,18.66926,33.55001,43.91076,1.61243,10.29071,0.1080734
"2017-12-24 15:00:00",33852,620.2778,599.8871,0,35.382,33.775,43.271,37.46,3541.539,20.40256,18.23257,34.56933,40.1361,1.906528,9.837609,0.1342891
"2017-12-24 16:00:00",33853,600.9707,599.7863,0,35.472,34.056,41.515,36.148,2599.853,19.40318,17.83753,34.65502,38.63829,1.59993,7.221814,0.1162723
"2017-12-24 17:00:00",33854,620.3022,599.9023,0,35.513,33.884,39.787,35.259,1945.158,18.52779,17.12583,34.58657,37.2382,1.580069,5.403218,0.1159611
"2017-12-24 18:00:00",33855,620.0977,599.707,0,34.175,33.187,39.359,36.785,1652.947,17.93994,16.56554,33.6312,37.91673,0.8440275,4.591519,0.06413646
"2017-12-24 19:00:00",33856,620.1801,599.7711,0,33.357,29.439,59.213,36.66,1403.215,20.7164,16.48973,31.44365,49.03891,2.234444,3.89782,0.09218505
"2017-12-24 20:00:00",33857,620.2503,599.7497,0,29.42,27.638,67.1,59.274,1077.081,21.0275,20.63051,28.5242,63.13134,2.020833,2.99189,0.057718
"2017-12-24 21:00:00",33858,620.2747,599.7711,0,27.669,26.206,72.148,67.098,1015.02,21.0814,20.7219,26.89579,69.8148,2.135278,2.819501,0.04692357
"2017-12-24 22:00:00",33859,620.1557,599.8229,0,26.218,25.236,79.988,72.144,1201.718,21.58156,20.76551,25.69239,75.89467,1.600486,3.338104,0.03024259
"2017-12-24 23:00:00",33860,620.2167,599.8382,0,25.275,24.876,83.609,80.012,1801.668,21.95574,21.56799,25.03057,82.01441,1.158264,5.004634,0.01855926
"2017-12-25 00:00:00",33861,620.2137,599.6978,0,24.896,24.584,87.308,83.636,2847.13,22.38975,21.91845,24.72089,85.91894,1.134305,7.908695,0.0155498
"2017-12-25 01:00:00",33862,620.2564,599.7497,0,24.695,24.394,88.65,86.928,3458.668,22.44542,22.32951,24.56711,87.63559,0.9702085,9.607411,0.01330642
"2017-12-25 02:00:00",33863,620.2717,599.7344,0,24.464,24.334,89.082,88.408,3774.354,22.48067,22.37081,24.399,88.67235,0.426736,10.48431,0.008656426
"2017-12-25 03:00:00",33864,620.1649,599.7375,0,24.453,24.334,89.22,88.726,4078.871,22.53693,22.42203,24.39194,88.99303,0.4079166,11.3302,0.008691156
"2017-12-25 04:00:00",33865,620.2259,599.7344,0,24.464,24.263,89.287,88.598,4288.675,22.51611,22.35066,24.37514,88.96471,0.573125,11.91299,0.01020868
"2017-12-25 05:00:00",33866,600.9219,599.8443,0,24.445,24.182,89.402,84.214,4232.446,22.4261,21.5976,24.30124,87.07346,0.3927779,11.75679,0.009418472
"2017-12-25 08:00:00",33867,600.9554,599.7497,0,25.626,24.554,84.508,79.594,4571.15,21.95804,21.56168,25.02271,81.96621,0.3951781,13.56424,0.01656357
"2017-12-25 09:00:00",33868,620.1801,599.7283,0,28.098,25.576,79.836,68.39,5019.439,22.40238,21.58176,26.61518,75.20683,1.704583,13.94289,0.0510899
"2017-12-25 10:00:00",33869,620.2076,599.9023,0,30.18,27.909,69.354,59.042,4949.649,22.24922,21.0432,29.11452,63.68668,1.551458,13.74902,0.06819984
"2017-12-25 11:00:00",33870,620.0336,599.7466,0,31.82,29.51,60.779,50.921,4209.792,21.64613,20.2144,30.70926,55.64632,1.764306,11.69387,0.090728
"2017-12-25 12:00:00",33871,620.3633,599.7344,0,33.456,30.59,55.947,45.976,3366.006,21.43425,19.6066,31.44522,51.58125,1.079583,9.350017,0.06478547
"2017-12-25 13:00:00",33872,600.9799,599.8901,0,34.655,31.4,51.414,41.449,4791.883,21.01274,19.26074,33.38186,45.73851,1.718194,13.31079,0.1126458
"2017-12-25 14:00:00",33873,620.1526,599.8412,0,35.472,33.328,46.847,37.515,4659.53,21.01665,18.44624,34.24305,41.96956,1.552986,12.94314,0.1112209
"2017-12-25 15:00:00",33874,620.3236,599.7955,0,36.123,33.587,42.605,34.771,4591.511,20.17083,17.20514,34.89788,37.7305,1.462222,12.7542,0.1136752
"2017-12-25 16:00:00",33875,620.3724,599.9207,0,36.781,34.645,38.494,31.306,5725.615,18.85256,16.41607,35.79535,34.39614,1.485555,15.90449,0.1249037
"2017-12-25 17:00:00",33876,620.348,599.7894,0,37.198,34.843,34.972,31.071,5173.474,18.02992,16.68153,36.16669,32.8798,1.230139,14.37076,0.1083129
"2017-12-25 18:00:00",33877,620.1557,599.7711,0,34.964,31.41,54.853,33.5,3715.363,21.33206,16.14954,33.71362,40.3985,1.927084,10.32045,0.1335516
"2017-12-25 19:00:00",33878,620.5586,599.7344,0,31.47,29.51,63.273,54.25,1426.327,21.85467,21.11959,30.72945,57.94318,2.189444,3.962018,0.0738907
"2017-12-25 20:00:00",33879,620.2656,599.7497,0,29.51,27.399,70.55,63.224,1229.03,21.83661,21.1611,28.45194,65.80561,2.878334,3.413972,0.06706581
"2017-12-25 21:00:00",33880,620.1893,599.6856,0,27.399,26.157,76.14,70.605,1135.979,21.88139,21.58229,26.73759,74.08011,2.160625,3.155497,0.04064137
"2017-12-25 22:00:00",33881,620.2259,599.7222,0,26.167,25.376,81.275,76.14,1506.373,21.97503,21.63743,25.74393,78.69091,2.032501,4.18437,0.03168372
"2017-12-25 23:00:00",33882,620.29,599.7466,0,25.396,25.246,83.094,81.22,2247.659,22.29789,21.95003,25.30977,82.48793,1.884375,6.243496,0.02534679
"2017-12-26 00:00:00",33883,620.2137,599.8107,0,25.516,25.346,84.294,82.876,2945.368,22.58912,22.25955,25.41173,83.35927,1.726042,8.181579,0.02357186
"2017-12-26 01:00:00",33884,620.3236,599.7222,0,25.576,25.265,84.602,82.98,3324.731,22.55978,22.40555,25.42633,83.7095,1.634653,9.235365,0.02272492
"2017-12-26 02:00:00",33885,620.2503,599.826,0,25.455,25.056,85.457,83.787,3469.561,22.56757,22.4317,25.23053,84.75809,1.635764,9.637669,0.02146437
"2017-12-26 03:00:00",33886,600.9371,599.8382,0,25.075,24.864,86.371,85.43,3639.307,22.55122,22.41137,25.01135,85.76747,0.5035416,10.10919,0.01061248
"2017-12-26 04:00:00",33887,620.1649,599.71,0,24.876,24.464,88.222,86.332,3779.502,22.56697,22.3659,24.62625,87.58723,0.3326389,10.49862,0.008227682
"2017-12-26 05:00:00",33888,620.0549,599.7802,0,24.754,24.083,90.594,87.558,3864.59,22.73908,22.40979,24.40538,89.16203,0.3486111,10.73497,0.00792103
"2017-12-26 07:00:00",33889,600.0092,599.9939,0,23.832,23.832,95.527,95.369,52.16731,23.09073,23.06337,23.832,95.44833,1.233333,17.3891,9.80972E-05
"2017-12-26 08:00:00",33890,619.4658,599.826,0,26.558,23.822,95.596,79.844,5490.171,23.36221,22.3142,24.82796,89.22755,1.004305,15.25047,0.02176685
"2017-12-26 09:00:00",33891,619.5543,599.7344,0,27.598,26.276,80.613,71.355,5529.786,22.81111,21.77331,26.81492,76.09539,2.238821,15.36052,0.06142261
"2017-12-26 10:00:00",33892,620.1923,599.7436,0,29.74,27.268,72.16,60.626,4690.688,22.55102,20.91986,28.70508,65.87451,1.702638,13.02969,0.06843785
"2017-12-26 11:00:00",33893,620.1038,599.7619,0,31.35,29.57,61.876,55.256,4357.677,22.12025,20.63222,30.27452,58.50237,2.012778,12.10466,0.09465716
"2017-12-26 12:00:00",33894,620.2961,599.7344,0,32.917,29.859,58.358,47.935,3351.141,21.35018,20.02825,30.84342,54.57164,1.587014,9.308725,0.08344392
"2017-12-26 13:00:00",33895,619.9573,599.7955,0,32.949,31.369,53.48,47.008,3531.29,21.39281,19.92477,32.09147,50.28876,1.735694,9.809138,0.100167
"2017-12-26 14:00:00",33896,620.0702,599.7405,0,35.253,32.048,50.636,41.031,4050.152,21.32304,19.59425,33.42698,46.25128,1.532709,11.25042,0.1000773
"2017-12-26 15:00:00",33897,620.348,599.7253,0,35.214,33.397,46.941,40.147,4092.378,20.80081,19.0693,34.37767,42.46909,1.490347,11.36772,0.1055903
"2017-12-26 16:00:00",33898,620.1099,599.9023,0,35.583,34.376,42.699,37.825,3352.183,19.89738,18.7059,35.06408,39.46411,1.415902,9.311619,0.1053545
"2017-12-26 17:00:00",33899,619.9023,599.9237,0,35.494,34.134,39.642,36.892,2490.339,19.20091,17.91123,34.9782,38.07753,1.872223,6.917609,0.1350816
"2017-12-26 18:00:00",33900,620.2778,599.8412,0,34.156,33.167,41.439,38.261,1835.431,18.44625,17.61393,33.68917,39.6662,1.092292,5.098419,0.0790706
"2017-12-26 19:00:00",33901,620.0977,599.7741,0,33.207,29.298,65.796,39.017,1404.806,22.29661,17.39294,31.38813,51.64036,1.604028,3.902238,0.06913656
"2017-12-26 20:00:00",33902,620.3174,599.7497,0,29.31,27.7,71.802,65.824,1021.041,22.32904,21.73075,28.44423,68.18478,1.865693,2.836225,0.0471714
"2017-12-26 21:00:00",33903,620.2991,599.7344,0,27.7,26.356,79.294,71.798,1182.801,22.72532,22.15043,27.17382,75.55342,1.749722,3.285558,0.03389142
"2017-12-26 22:00:00",33904,620.2595,599.7344,0,26.346,25.556,79.236,73.886,1513.679,22.477,20.88113,25.95585,75.46957,1.765,4.204663,0.03333749
"2017-12-26 23:00:00",33905,620.2259,599.7894,0,25.556,24.925,82.378,75.762,1771.108,21.76726,20.96722,25.25581,78.8656,1.490764,4.919745,0.02559514
"2017-12-27 00:00:00",33906,620.2503,599.7497,0,24.966,24.794,85.734,82.406,2298.088,22.28413,21.75628,24.87119,84.24001,1.255625,6.383578,0.0177518
"2017-12-27 01:00:00",33907,620.1221,599.7405,0,24.864,24.504,87.84,85.73,3057.423,22.39194,22.24771,24.74755,86.27769,1.423819,8.492842,0.01758857
"2017-12-27 02:00:00",33908,620.2259,599.7924,0,24.514,24.083,90.289,87.832,3489.094,22.47107,22.34808,24.26664,89.21711,0.9074304,9.691929,0.01158388
"2017-12-27 03:00:00",33909,620.1832,599.7955,0,24.132,23.782,91.957,90.113,3940.782,22.44746,22.3588,23.99215,90.79151,0.5786807,10.94662,0.008889181
"2017-12-27 04:00:00",33910,620.2259,599.7344,0,23.852,23.652,92.218,90.113,4193.341,22.44606,22.11664,23.74886,91.64799,0.4295138,11.64817,0.007835754
"2017-12-27 05:00:00",33911,620.2106,599.7497,0,24.012,23.722,90.058,86.488,4456.155,22.16175,21.54089,23.86392,88.34362,1.13493,12.37821,0.01448312
"2017-12-27 08:00:00",33912,620.058,599.8412,0,25.014,24.644,84.27,82.722,1609.983,21.9725,21.76546,24.81101,83.53309,0.3160256,13.76054,0.005146262
"2017-12-27 09:00:00",33913,620.2595,599.7497,0,27.058,24.986,82.988,73.039,4639.862,22.18212,21.43984,25.9397,77.69068,0.9436112,12.88851,0.03079012
"2017-12-27 10:00:00",33914,620.2747,599.7344,0,28.138,26.588,74.008,66.65,3897.96,21.8392,21.11511,27.36758,70.15374,1.645139,10.82767,0.05653429
"2017-12-27 11:00:00",33915,620.2137,599.7497,0,30.59,27.7,68.086,57.551,4052.173,22.02794,20.65892,29.15585,62.56307,1.365694,11.25604,0.06168183
"2017-12-27 12:00:00",33916,620.2015,599.7894,0,33.207,30.01,59.958,48.119,4515.989,21.76262,20.26976,31.67083,52.94231,1.712569,12.54441,0.09556276
"2017-12-27 13:00:00",33917,620.3358,599.7375,0,34.786,31.798,52.769,42.273,4503.071,21.45089,19.97337,33.50343,46.40224,1.897847,12.50853,0.1205987
"2017-12-27 14:00:00",33918,620.3236,599.8229,0,36.212,34.126,46.033,38.645,5113.062,21.16668,19.4122,35.07565,41.62465,1.882917,14.20295,0.1341249
"2017-12-27 15:00:00",33919,620.348,599.7527,0,36.322,33.736,43.828,36.806,4590.735,20.68443,18.72055,35.30953,39.77931,1.760278,12.75204,0.1297474
"2017-12-27 16:00:00",33920,620.1862,599.8871,0,37.328,34.972,39.001,33.405,5639.003,19.91348,18.3011,36.42738,36.20515,1.666457,15.6639,0.1350431
"2017-12-27 17:00:00",33921,620.0092,599.765,0,37.466,34.326,39.211,33.392,4432.049,19.36883,18.0877,35.47718,36.95449,1.965972,12.31125,0.1487584
"2017-12-27 18:00:00",33922,620.3511,599.7405,0,35.173,32.136,51.964,37.38,2348.945,21.07279,18.3292,33.20538,46.94275,2.489791,6.524848,0.1446649
"2017-12-27 19:00:00",33923,620.3419,599.8077,0,32.136,29.67,60.375,51.893,1403.107,21.51932,21.00365,30.88013,56.7253,2.609792,3.897519,0.08561693
"2017-12-27 20:00:00",33924,620.116,599.7222,0,29.689,28.118,63.145,60.375,1244.453,21.21655,20.41678,28.85195,62.12744,2.579653,3.456815,0.07022315
"2017-12-27 21:00:00",33925,620.3358,599.7497,0,28.108,26.678,66.201,62.019,1102.039,20.45438,19.59207,27.3222,63.67567,2.46875,3.06122,0.0625544
"2017-12-27 22:00:00",33926,620.2656,599.7527,0,26.688,25.666,76.394,66.164,1104.314,21.2278,19.82844,26.18747,70.34932,2.429236,3.06754,0.04900623
"2017-12-27 23:00:00",33927,600.9554,599.7405,0,25.656,24.974,83.46,76.424,1496.464,22.02696,21.18237,25.27702,80.65523,1.649931,4.156845,0.02496067
"2017-12-28 00:00:00",33928,620.348,599.7619,0,24.995,24.695,86.359,83.484,2509.6,22.3335,21.97857,24.8296,85.26555,1.799445,6.971111,0.02097527
"2017-12-28 01:00:00",33929,620.2259,599.7283,0,24.716,24.494,87.516,86.182,3277.622,22.37635,22.22531,24.62296,86.82697,1.585417,9.104506,0.01817723
"2017-12-28 02:00:00",33930,620.1313,599.8504,0,24.604,24.292,87.644,85.949,3442.767,22.28897,22.02951,24.4264,87.05153,1.121806,9.563241,0.01485452
"2017-12-28 03:00:00",33931,620.2625,599.7833,0,24.362,24.012,89.406,87.516,3776.463,22.2766,22.03105,24.16848,88.52744,0.9716668,10.49018,0.01277548
"2017-12-28 04:00:00",33932,620.2137,599.7772,0,24.202,23.922,90.191,87.203,3987.113,22.25446,21.90669,24.09372,88.22519,1.385347,11.07531,0.0157755
"2017-12-28 05:00:00",33933,620.2442,599.7131,0,23.944,23.632,92.652,90.128,4227.951,22.45332,22.22126,23.76879,91.80289,0.4174306,11.74431,0.007745531
"2017-12-28 08:00:00",33934,601.7064,599.7344,0,26.198,24.124,90.344,71.896,3837.464,22.46596,20.63435,25.34299,79.39994,2.201692,15.2887,0.03623394
"2017-12-28 09:00:00",33935,620.0427,599.7039,0,28.329,26.077,72.039,59.222,5332.947,20.74254,19.3295,27.03986,65.54475,2.595695,14.81374,0.09368301
"2017-12-28 10:00:00",33936,600.9127,599.826,0,30.458,27.659,60.187,49.449,4156.721,19.83817,18.27294,28.96455,55.64303,2.291945,11.54645,0.1086329
"2017-12-28 11:00:00",33937,620.2411,599.7985,0,32.408,29.9,51.483,44.931,4186.708,19.93491,18.20682,31.18133,48.44761,1.956598,11.62974,0.114211
"2017-12-28 12:00:00",33938,620.3724,599.8107,0,33.257,31.189,50.276,43.039,4073.776,20.51792,18.76659,32.24689,46.28387,2.423196,11.31604,0.1441923
"2017-12-28 13:00:00",33939,620.4091,599.7497,0,33.597,31.669,48.394,43.185,3150.618,20.05245,18.83738,32.49605,45.90162,1.980764,8.751718,0.121208
"2017-12-28 14:00:00",33940,620.1496,599.71,0,35.164,31.958,46.73,38.707,3526.458,20.23579,18.18823,33.63806,42.48624,1.617153,9.795716,0.1106618
"2017-12-28 15:00:00",33941,620.4884,599.7497,0,36.101,33.916,42.224,34.656,4564.086,20.47132,17.52445,35.34607,36.90951,1.950139,12.67802,0.1478291
"2017-12-28 16:00:00",33942,620.525,599.8535,0,36.57,34.774,37.746,31.077,5445.737,19.09045,16.08518,35.89025,34.17622,1.778403,15.12705,0.1452288
"2017-12-28 17:00:00",33943,619.942,599.7802,0,36.89,34.015,37.75,32.537,4045.516,18.189,16.49518,34.96254,35.29959,2.255348,11.23754,0.169209
"2017-12-28 18:00:00",33944,620.4091,599.7527,0,34.025,31.57,50.918,37.314,2429.771,20.24502,17.15304,32.95905,44.01774,2.129791,6.749363,0.1327471
"2017-12-28 19:00:00",33945,620.1801,599.826,0,31.56,29.939,56.55,50.914,1351.398,20.5216,20.16744,30.63367,54.38793,2.106528,3.753883,0.07769795
"2017-12-28 20:00:00",33946,620.6227,599.8474,0,29.939,28.439,63.716,56.516,1242.69,20.95195,20.37511,29.29182,59.79345,1.709167,3.451916,0.05726358
"2017-12-28 21:00:00",33947,620.2991,599.7527,0,28.451,27.268,66.941,63.653,1032.309,20.9261,20.58035,27.86726,65.1671,1.686529,2.867524,0.04734251
"2017-12-28 22:00:00",33948,620.058,599.7344,0,27.278,26.257,70.699,66.846,956.9937,20.61675,20.29442,26.80919,68.13394,1.615486,2.658316,0.04087902
"2017-12-28 23:00:00",33949,620.1404,599.7344,0,26.276,25.146,82.109,70.726,1150.449,21.90146,20.53531,25.6702,75.7644,1.893958,3.195692,0.03392104
"2017-12-29 00:00:00",33950,620.345,599.765,0,25.134,24.494,86.699,82.132,1773.557,22.18656,21.88457,24.8464,84.43462,1.426041,4.926547,0.01855349
"2017-12-29 01:00:00",33951,620.3297,599.7497,0,24.716,24.434,88.292,86.722,2465.577,22.56941,22.152,24.56863,87.70944,1.242848,6.848825,0.01428292
"2017-12-29 02:00:00",33952,620.2991,599.826,0,24.794,24.654,88.162,87.527,3269.749,22.65485,22.49492,24.71399,87.79393,1.548264,9.082635,0.01687345
"2017-12-29 03:00:00",33953,620.2839,599.7894,0,24.724,24.334,88.472,87.382,3634.265,22.552,22.28922,24.56438,87.79544,0.9344444,10.09518,0.01307757
"2017-12-29 04:00:00",33954,620.2625,599.7283,0,24.394,24.034,90.136,88.39,3682.156,22.39396,22.22848,24.22994,89.05496,0.3261805,10.22821,0.007551311
"2017-12-29 05:00:00",33955,620.0153,599.7497,0,24.083,23.572,91.957,90.078,3893.241,22.47511,22.16144,23.91902,90.87146,0.4579167,10.81456,0.008040109
"2017-12-29 08:00:00",33956,620.2717,599.7955,0,26.408,24.554,86.39,76.51,3941.463,22.28086,21.74155,25.36046,81.60641,1.849836,12.96534,0.0345635
"2017-12-29 09:00:00",33957,600.9066,599.7497,0,27.688,26.148,77.266,71.404,4798.173,22.46599,21.24313,26.83345,73.92632,2.400833,13.32826,0.06806427
"2017-12-29 10:00:00",33958,620.1893,599.8107,0,30.01,26.768,71.68,59.533,4275.117,21.92006,20.89394,28.25342,66.39754,2.387083,11.87533,0.08609996
"2017-12-29 11:00:00",33959,620.3969,599.7619,0,30.728,28.798,63.031,52.783,3650.76,21.61934,19.80459,29.6513,59.05359,2.488472,10.141,0.1082574
"2017-12-29 12:00:00",33960,620.1557,599.7924,0,32.218,30.02,56.464,49.425,3061.607,20.92418,19.87481,30.98305,53.08043,2.235625,8.504465,0.1141899
"2017-12-29 13:00:00",33961,600.8944,599.7497,0,34.037,30.58,53.296,42.323,3748.554,21.17598,19.40264,32.71899,47.39281,2.107777,10.41265,0.1261758
"2017-12-29 14:00:00",33962,620.6075,599.8107,0,35.433,32.041,46.586,38.609,3539.443,20.58325,18.70917,33.89858,42.51731,2.326806,9.831787,0.1516479
"2017-12-29 15:00:00",33963,620.5433,599.7131,0,36.35,33.207,42.556,35.619,3363.95,19.62174,17.91842,34.80288,38.94668,2.259097,9.344305,0.1585246
"2017-12-29 16:00:00",33964,620.4915,599.7497,0,36.5,33.248,42.2,34.826,2706.184,19.1003,17.94234,34.31863,39.25345,2.539235,7.517178,0.1716801
"2017-12-29 17:00:00",33965,620.7387,599.7344,0,35.554,32.937,43.779,37.119,1951.327,19.55121,18.58458,34.06468,41.11761,2.449167,5.420353,0.159228
"2017-12-29 18:00:00",33966,620.0794,599.7192,0,33.775,32.398,45.996,41.675,1569.706,19.49414,18.77817,33.08503,43.94027,2.006112,4.360293,0.12466
"2017-12-29 19:00:00",33967,620.6655,599.7741,0,32.408,30.138,54.162,45.728,1329.199,19.89421,19.22498,31.24802,49.88647,2.285834,3.692219,0.0915428
"2017-12-29 20:00:00",33968,620.6441,599.7497,0,30.189,28.451,61.923,54.068,1100.226,20.64832,19.87326,29.28035,58.85559,2.509791,3.056185,0.0757127
"2017-12-29 21:00:00",33969,620.4518,599.7497,0,28.478,27.117,69.39,61.769,960.8616,21.05827,20.41729,27.73651,65.48678,2.081181,2.66906,0.053872
"2017-12-29 22:00:00",33970,620.3022,599.8596,0,27.136,25.796,80.447,69.42,1043.567,22.20246,21.0653,26.43647,75.17951,2.212083,2.898796,0.03912113
"2017-12-29 23:00:00",33971,620.1435,599.7222,0,25.807,25.486,83.008,80.506,1775.59,22.51867,22.2144,25.61773,82.40228,2.025835,4.932195,0.02645973
"2017-12-30 00:00:00",33972,620.3113,599.7344,0,25.496,25.326,84.572,82.978,2600.389,22.62378,22.38521,25.39056,83.99772,2.060625,7.223302,0.02492251
"2017-12-30 01:00:00",33973,620.2991,599.7985,0,25.474,25.236,85.146,83.777,3140.596,22.72112,22.46828,25.4051,84.38612,1.649306,8.723879,0.02185084
"2017-12-30 02:00:00",33974,620.2137,599.7344,0,25.384,25.156,85.24,84.164,3414.331,22.62227,22.42073,25.28212,84.63799,2.258055,9.484252,0.02580344
"2017-12-30 03:00:00",33975,600.9097,599.7344,0,25.216,24.786,87.07,84.502,3671.56,22.61612,22.42217,24.95777,86.23123,1.759514,10.19878,0.02049518
"2017-12-30 04:00:00",33976,600.9188,599.8107,0,24.825,24.632,88.494,86.798,4076.917,22.68239,22.47058,24.75876,87.59003,1.280625,11.32477,0.01613374
"2017-12-30 08:00:00",33977,620.1679,599.7344,0,25.697,24.864,88.48,83.632,4810.678,23.03803,22.53755,25.39571,85.23335,0.8355927,13.58949,0.02209065
"2017-12-30 09:00:00",33978,620.2137,599.826,0,29.08,25.474,83.812,65.792,5654.063,23.09631,21.65013,27.60521,73.09181,1.549583,15.70573,0.05317977
"2017-12-30 10:00:00",33979,619.8901,599.8412,0,29.958,27.88,69.484,59.81,4426.042,22.46838,20.91165,28.8643,64.84693,2.182708,12.29456,0.08487383
"2017-12-30 11:00:00",33980,620.2778,599.8046,0,31.978,29.09,61.845,49.828,4006.361,21.51209,19.50507,30.64187,54.50089,2.077778,11.12878,0.1055985
"2017-12-30 12:00:00",33981,600.9493,599.7344,0,33.628,30.26,54.166,43.55,4473.029,20.68182,19.06661,32.48547,47.23325,2.442361,12.42508,0.1441332
"2017-12-30 13:00:00",33982,620.4579,599.765,0,34.953,31.388,48.439,39.324,5027.021,20.52136,18.5992,33.55259,43.24639,2.688472,13.96395,0.1714164
"2017-12-30 14:00:00",33983,620.6197,599.8107,0,35.382,33.647,42.425,37.884,5283.489,20.27253,18.28112,34.64787,39.94625,2.269861,14.67636,0.1603545
"2017-12-30 15:00:00",33984,620.1649,599.7283,0,36.212,33.996,40.259,35.171,5721.909,19.51931,17.79912,35.1911,37.33734,2.039167,15.89419,0.1547075
"2017-12-30 16:00:00",33985,620.5281,599.7558,0,37,34.185,38.513,33.029,5726.38,18.79789,17.58218,35.6723,35.62755,2.252501,15.90661,0.1736708
"2017-12-30 17:00:00",33986,620.2106,599.7436,0,35.702,34.134,40.367,35.796,4356.406,19.11519,17.91656,34.73695,38.47179,2.703056,12.10113,0.1881459
"2017-12-30 18:00:00",33987,620.5189,599.765,0,34.544,32.438,46.39,39.66,2846.241,19.48311,18.25225,33.29812,42.69494,2.247778,7.906226,0.1439309
"2017-12-30 19:00:00",33988,620.6166,599.7253,0,32.438,30.33,52.94,46.484,1519.121,19.69071,19.28061,31.21251,49.73067,2.445208,4.219782,0.09610922
"2017-12-30 20:00:00",33989,621.0928,599.7344,0,30.33,28.74,61.941,52.904,1263.595,20.76131,19.65208,29.52044,57.19168,2.472709,3.509985,0.0786578
"2017-12-30 21:00:00",33990,620.6533,599.8321,0,28.74,27.128,72.558,61.966,1068.631,21.79472,20.72764,27.92456,67.10302,2.364444,2.968419,0.05620499
"2017-12-30 22:00:00",33991,620.2534,599.7497,0,27.148,26.106,78.266,72.59,1097.235,22.23129,21.77928,26.57441,76.0789,1.64743,3.047874,0.03127523
"2017-12-30 23:00:00",33992,620.3236,599.8077,0,26.116,25.537,83.031,78.201,1558.733,22.53574,21.95415,25.7204,80.83015,1.594792,4.329814,0.02455728
"2017-12-31 00:00:00",33993,620.3328,599.8016,0,25.656,25.455,83.867,82.972,2162.616,22.67634,22.50485,25.57069,83.46448,1.203472,6.007267,0.01822227
"2017-12-31 01:00:00",33994,620.2015,599.7741,0,25.537,25.165,86.363,83.773,2704.394,22.84686,22.55458,25.33558,85.31424,1.164513,7.512204,0.01647959
"2017-12-31 02:00:00",33995,620.235,599.8107,0,25.196,24.794,86.8,85.785,3107.125,22.76032,22.45504,25.01777,86.44178,0.9695834,8.630903,0.01408056
"2017-12-31 03:00:00",33996,620.1069,599.8718,0,24.915,24.564,89.16,86.031,3532.49,22.73296,22.40346,24.7884,87.55417,1.293403,9.812471,0.01579139
"2017-12-31 08:00:00",33997,600.873,599.765,0,26.226,25.134,87.207,80.96,3724.975,22.99726,22.66212,25.47014,85.28265,1.997499,16.93171,0.02383277
"2017-12-31 09:00:00",33998,620.2625,599.7344,0,28.51,26.106,80.941,68.634,6190.314,22.83632,21.94015,27.16198,75.29645,2.319792,17.19532,0.06642959
"2017-12-31 10:00:00",33999,620.3113,599.7222,0,30.22,28.098,69.46,60.895,4933.578,22.60086,21.63336,28.99361,65.93823,2.664167,13.70438,0.09764126
"2017-12-31 11:00:00",34000,620.2686,599.8107,0,32.338,29.02,63.934,50.265,4138.019,21.88041,19.97586,30.7467,56.19668,2.824375,11.4945,0.1315012
"2017-12-31 12:00:00",34001,620.2228,599.7497,0,33.397,31.33,51.723,43.901,3555.36,20.92955,18.9938,32.1638,48.48936,2.524167,9.876001,0.1421389
"2017-12-31 13:00:00",34002,620.5067,599.7589,0,35.433,31.669,49.027,36.919,3925.112,20.12792,18.1732,33.64238,42.32754,2.805972,10.90309,0.178323
"2017-12-31 14:00:00",34003,620.3144,599.7772,0,35.263,33.328,42.041,36.99,3225.731,19.03558,17.92031,34.13786,39.4724,2.183819,8.960365,0.1508026
"2017-12-31 15:00:00",34004,620.1954,599.765,0,37,34.095,39.755,33.267,4021.711,19.21033,17.60382,35.61116,36.15575,2.256876,11.17142,0.1688181
"2017-12-31 16:00:00",34005,620.6319,599.8168,0,37.427,35.554,36.064,32.191,5457.102,19.0058,17.33108,36.56157,33.8451,2.074514,15.15862,0.167844
"2017-12-31 17:00:00",34006,620.6166,599.8596,0,37.019,34.175,41.273,32.484,3753.968,19.24074,17.10949,35.38018,36.41328,2.256527,10.42769,0.1669801
"2017-12-31 18:00:00",34007,620.4854,599.768,0,34.566,32.808,46.438,39.169,2080.308,19.93223,18.48681,33.59212,43.54859,2.157083,5.778633,0.1359906
