"TOA5","CR200Series","CR200X","No_SN","CR200X.Std.02","estacaoAtual.CR2","15733","Table1"
"TIMESTAMP","RECORD","BP_mbar_Max","BP_mbar_Min","Rain_mm_Tot","AirTC_Max","AirTC_Min","RH_Max","RH_Min","SlrkJ_Tot","TdC_Max","TdC_Min","AirTC_Avg","RH_Avg","WS_ms_Avg","SlrkJ_Avg","ETo"
"TS","RN","mbar","mbar","mm","Deg C","Deg C","%","%","kJ/m^2","Deg C","Deg C","Deg C","%","meters/sec","kJ/m^2",""
"","","Max","Min","Tot","Max","Min","Max","Min","Tot","Max","Min","Avg","Avg","Avg","Avg","ETo"
"2017-04-22 06:00:00",28054,600.1801,599.8138,0,23.041,22.87,99.998,99.998,1552.746,23.041,22.87,22.96287,99.99786,0,4.313184,0.002052987
"2017-04-22 07:00:00",28055,619.8749,599.8779,0,23.732,22.93,99.998,99.998,1578.421,23.732,22.93,23.24225,99.99786,0,4.384503,0.003754742
"2017-04-22 08:00:00",28056,619.0079,599.6978,0,25.406,23.732,99.998,96.084,1769.1,24.8499,23.732,24.49979,99.15189,0.04104166,4.914167,0.004208853
"2017-04-22 09:00:00",28057,617.2222,599.8077,0,27.749,25.436,96.17,80.394,2415.176,25.16374,23.78886,26.66341,87.67931,0.7283334,6.708822,0.01460749
"2017-04-22 10:00:00",28058,619.7009,599.7802,0,29.02,27.579,82.83,72.785,2648.686,24.92162,22.94942,28.38478,77.25674,1.821598,7.35746,0.04693052
"2017-04-22 11:00:00",28059,619.7131,599.6856,0,30.02,27.798,78.113,70.06,2258.874,25.0284,23.07116,28.46382,75.26276,2.147709,6.274651,0.05695282
"2017-04-22 12:00:00",28060,620.1465,599.768,0.254,30.458,27.669,85.32,70.369,2718.575,25.7597,23.71046,29.14467,76.66737,1.417222,7.551599,0.04008343
"2017-04-22 13:00:00",28061,620.0061,599.7344,0,31.638,29.52,75.02,66.312,3056.63,26.05466,23.47506,30.70432,69.87003,1.503749,8.49064,0.05459674
"2017-04-22 14:00:00",28062,620.2045,599.8077,0,32.976,29.619,73.943,60.306,2699.867,25.7334,23.82972,30.99959,68.69924,1.510486,7.499631,0.0561935
"2017-04-22 15:00:00",28063,620.1771,599.8138,1.27,30.31,24.173,94.035,69.648,1531.887,24.70884,22.09389,25.61205,86.54479,1.697569,4.255241,0.02503694
"2017-04-22 16:00:00",28064,619.8718,599.9237,0.762,24.375,23.502,98.312,93.93,1595.831,23.96343,23.08622,24.03706,96.98714,0.2884028,4.432863,0.004623804
"2017-04-22 17:00:00",28065,619.6887,599.9573,0,24.806,24.163,97.318,93.466,1648.517,24.06617,23.40264,24.42606,95.77695,0.1925,4.579214,0.004727563
"2017-04-22 18:00:00",28066,600.8242,599.8748,0,24.915,24.613,93.613,90.992,1600.639,23.72876,23.21524,24.76329,92.15173,0.06631944,4.446219,0.004405214
"2017-04-22 19:00:00",28067,600.5922,599.8474,0,24.974,24.304,97.279,91.476,1546.42,24.02167,23.3724,24.59904,94.67955,0.04277778,4.295611,0.002294241
"2017-04-22 20:00:00",28068,600.6135,600.119,0,24.744,24.182,98.566,96.348,1538.975,24.23283,23.83131,24.39607,97.56787,0.03125,4.27493,0.00212478
"2017-04-22 21:00:00",28069,600.7143,599.8748,0,25.066,24.484,96.904,93.728,1556.216,24.12496,23.84758,24.85272,94.74532,0.03104167,4.322823,0.002250205
"2017-04-22 22:00:00",28070,600.7296,599.9329,1.524,24.974,24.695,96.838,94.142,1539.811,24.27243,23.8881,24.83978,95.40633,0.15625,4.277253,0.002710104
"2017-04-22 23:00:00",28071,600.9097,599.826,0,24.954,24.434,99.256,96.414,1544.18,24.48563,24.1813,24.61356,98.43954,0.03965278,4.289388,0.002111432
"2017-04-23 00:00:00",28072,600.4091,599.7802,0,24.494,23.893,99.998,99.25,1537.559,24.47662,23.893,24.21634,99.83601,0.02263889,4.270998,0.002044073
"2017-04-23 01:00:00",28073,600.3846,599.7985,0,24.073,23.642,99.998,99.998,1539.336,24.073,23.642,23.89277,99.99786,0.007361111,4.275932,0.00204608
"2017-04-23 02:00:00",28074,600.5037,599.9023,0,23.792,23.452,99.998,99.998,1524.219,23.792,23.452,23.64175,99.99786,0,4.233943,0.002029746
"2017-04-23 03:00:00",28075,600.522,600.232,0,23.762,23.572,99.998,99.998,1520.185,23.762,23.572,23.65451,99.99786,0,4.222735,0.002025311
"2017-04-23 04:00:00",28076,600.5098,600.3205,0,23.672,23.452,99.998,99.998,1507.91,23.672,23.452,23.54617,99.99786,0,4.188639,0.002010026
"2017-04-23 05:00:00",28077,600.8638,599.7955,0,23.492,23.212,99.998,99.998,1493.976,23.492,23.212,23.34254,99.99786,0,4.149933,0.001991692
"2017-04-23 06:00:00",28078,600.3846,599.8718,0,23.35,23.08,99.998,99.998,1494.096,23.35,23.08,23.23987,99.99786,0,4.150268,0.001990531
"2017-04-23 07:00:00",28079,600.0702,599.826,0,24.042,23.292,99.998,99.998,1631.486,24.042,23.292,23.4373,99.99786,0.01048611,4.531904,0.003865323
"2017-04-23 08:00:00",28080,614.7924,599.7955,0,26.758,24.012,99.998,91.102,2553.618,25.6897,24.012,25.26467,98.54672,0.4503473,7.093384,0.006351623
"2017-04-23 09:00:00",28081,615.2198,599.8351,0,28.138,26.588,92.664,80.91,2932.289,25.95068,23.91682,27.48659,85.19237,1.453263,8.145248,0.02774563
"2017-04-23 10:00:00",28082,615.2717,599.8412,0,29.58,26.789,84.787,74.558,2891.371,25.52547,23.7642,28.16275,80.34547,1.715624,8.031587,0.03978155
"2017-04-23 11:00:00",28083,616.9017,599.7497,0,30.13,27.22,85.203,69.254,2627.484,25.04907,23.35667,28.78924,76.4398,2.057986,7.298568,0.05367729
"2017-04-23 12:00:00",28084,616.392,599.7985,1.27,30.189,27.418,86.914,72.812,2490.782,26.08367,23.99154,28.62232,79.59052,1.016667,6.918839,0.02725383
"2017-04-23 13:00:00",28085,617.1337,599.7344,0,31.839,29.048,75.628,58.556,3132.982,25.89309,22.43441,30.39087,68.90844,1.622848,8.702729,0.05954071
"2017-04-23 14:00:00",28086,619.0629,599.8565,0,32.128,29.91,69.039,58.777,2960.358,24.78464,22.30213,31.28975,64.11827,1.733125,8.223216,0.0721605
"2017-04-23 15:00:00",28087,619.6398,599.7497,0,32.607,30.029,69.144,60.038,2384.616,24.81793,23.07539,31.37312,64.22777,1.618751,6.623935,0.06689989
"2017-04-23 16:00:00",28088,620.0061,599.9176,0,33.337,30.18,67.156,56.279,2211.274,24.74205,22.883,32.09562,61.24996,1.089653,6.142429,0.05175013
"2017-04-23 17:00:00",28089,620.0549,599.8993,0,32.988,31.1,64.539,57.229,2034.883,24.24913,22.96181,32.10675,60.60478,1.033194,5.652453,0.04984352
"2017-04-23 18:00:00",28090,620.1984,599.7497,0,32.1,29.119,72.25,60.328,1776.351,23.86041,23.03088,30.78052,65.35758,0.3956944,4.934309,0.01976481
"2017-04-23 19:00:00",28091,600.9219,599.6612,0,29.119,26.838,83.359,72.244,1568.885,24.2548,23.40123,27.81971,78.72297,0.01652778,4.358014,0.002584273
"2017-04-23 20:00:00",28092,600.58,599.9359,0,26.828,25.846,90.986,83.416,1550.999,24.42399,23.75839,26.3238,87.77401,0.001944445,4.30833,0.002161048
"2017-04-23 21:00:00",28093,620.0641,599.7924,0,26.157,25.216,95.688,90.058,1560.51,24.61121,24.13593,25.58326,93.23306,0.00375,4.334751,0.002142844
"2017-04-23 22:00:00",28094,619.9969,599.7253,0,26.598,25.216,93.918,87.006,1582.37,24.51558,24.0598,25.92524,90.67001,0.6981249,4.395471,0.007690678
"2017-04-23 23:00:00",28095,619.7009,599.7375,0,26.128,24.995,97.402,89.672,1648.676,24.75804,23.99068,25.31367,94.85026,0.701389,4.579657,0.005077358
"2017-04-24 00:00:00",28096,619.3956,599.8107,0,25.175,24.934,97.182,95.535,1629.388,24.65029,24.35979,25.04198,96.48867,0.1307639,4.526078,0.002570146
"2017-04-24 01:00:00",28097,619.6765,599.7222,0,25.126,24.632,97.586,95.578,1621.135,24.43891,24.22659,24.94945,96.47548,0.206875,4.503154,0.00277694
"2017-04-24 02:00:00",28098,619.6887,599.6765,0,24.716,24.523,97.852,97.352,1597.054,24.32297,24.14391,24.62652,97.56255,0.03041667,4.436261,0.002192827
"2017-04-24 03:00:00",28099,600.0793,599.765,0,24.584,23.912,99.656,97.8,1565.581,24.24002,23.83999,24.21234,98.68401,0.004861111,4.348836,0.002092467
"2017-04-24 04:00:00",28100,600.0854,599.7344,0,24.003,23.472,99.998,99.468,1532.311,23.95521,23.472,23.7372,99.9323,0,4.256419,0.002040361
"2017-04-24 05:00:00",28101,600.2015,599.7344,0,23.542,23.11,99.998,99.998,1506.985,23.542,23.11,23.30092,99.99786,0,4.186071,0.002005901
"2017-04-24 06:00:00",28102,600.1923,599.8687,0,23.562,23.05,99.998,99.998,1518.364,23.562,23.05,23.27581,99.99786,0,4.217678,0.002018458
"2017-04-24 07:00:00",28103,600.1771,599.826,0,23.772,23.35,99.998,99.998,1576.884,23.772,23.35,23.49698,99.99786,0,4.380233,0.003757952
"2017-04-24 08:00:00",28104,618.4188,599.7711,0,24.273,23.772,99.998,98,1631.773,24.273,23.772,24.07087,99.76404,0.254375,4.532704,0.003882373
"2017-04-24 09:00:00",28105,600.9219,599.765,0,25.316,24.222,97.984,93.844,2037.536,24.31782,23.77596,24.65466,95.87102,1.405277,5.659821,0.009841745
"2017-04-24 10:00:00",28106,618.2051,599.8412,0.254,26.408,25.036,96.023,89.355,2727.217,25.01622,24.15236,25.71964,93.07285,2.006667,7.575603,0.01853823
"2017-04-24 11:00:00",28107,618.3608,599.7955,0,27.57,25.856,90.824,79.406,2780.297,24.74553,23.44744,26.64744,85.24389,2.7225,7.723048,0.04237358
"2017-04-24 12:00:00",28108,618.9194,599.7802,0,28.939,27.29,81.644,68.542,3030.661,24.81192,21.96339,28.38686,73.83332,2.263403,8.418503,0.06397924
"2017-04-24 13:00:00",28109,619.3987,599.826,0,30.779,28.548,71.152,60.924,3132.757,24.28199,21.55651,29.74944,65.97755,2.234236,8.702103,0.08278682
"2017-04-24 14:00:00",28110,600.9463,599.7222,0,31.298,28.541,69.422,57.986,2981.656,23.8594,21.50901,30.19003,63.69053,2.009027,8.282376,0.08092879
"2017-04-24 15:00:00",28111,619.8138,599.8107,0,31.778,29.779,63.726,56.052,2644.295,22.95597,21.22218,30.70656,59.82407,1.812848,7.345263,0.08164268
"2017-04-24 16:00:00",28112,619.8383,599.7375,0,32.318,29.76,65.964,56.089,2275.875,23.53623,21.82199,30.77265,61.93528,1.275903,6.321877,0.05716226
"2017-04-24 17:00:00",28113,620.2289,599.6978,0,32.289,29.478,68.031,56.469,2238.271,23.34642,22.05887,30.6337,62.66845,1.493681,6.217419,0.06393279
"2017-04-24 18:00:00",28114,620.0305,599.7344,0,30.09,26.878,78.447,65.158,1838.692,23.35528,22.36928,28.24602,72.18774,0.8834028,5.107478,0.02997008
"2017-04-24 19:00:00",28115,600.0702,599.7131,0,26.886,25.075,89.552,78.418,1618.867,23.2783,22.80951,26.01564,83.83326,0,4.496851,0.002230937
"2017-04-24 20:00:00",28116,600.812,599.9573,0,25.134,24.163,95.668,89.525,1586.03,23.83961,23.13906,24.69104,92.46453,0.02986111,4.405638,0.002354476
"2017-04-24 21:00:00",28117,620.2167,599.9695,0,24.173,23.772,97.52,95.67,1589.452,23.54553,23.32295,24.00579,96.51594,0,4.415145,0.002121257
"2017-04-24 22:00:00",28118,600.0732,599.707,0,23.893,23.542,98.762,97.486,1600.822,23.58257,23.33308,23.72608,98.23798,0,4.446727,0.002124282
"2017-04-24 23:00:00",28119,600.1862,599.7558,0,23.592,23.411,99.266,98.75,1599.693,23.43801,23.27562,23.50255,99.05549,0,4.443592,0.002117014
"2017-04-25 00:00:00",28120,600.2991,599.7802,0,23.411,22.72,99.998,98.968,1590.858,23.2949,22.66792,23.07816,99.70135,0.005486111,4.41905,0.00209717
"2017-04-25 01:00:00",28121,600.8272,599.768,0,24.263,22.73,99.998,92.414,1579.99,23.12696,22.73,23.53331,96.48234,0.03576389,4.388861,0.002209557
"2017-04-25 02:00:00",28122,600.9707,599.7955,0,24.284,24.102,95.55,92.542,1594.652,23.42277,22.91357,24.18982,93.87667,0.009722223,4.429589,0.002194437
"2017-04-25 03:00:00",28123,619.6398,599.7802,0,24.173,23.792,97.39,95.527,1595.754,23.54054,23.36987,23.99276,96.60287,0.01444445,4.432651,0.002169535
"2017-04-25 04:00:00",28124,600.351,599.7497,0,23.842,23.232,99.184,97.38,1577.729,23.47429,22.983,23.595,98.03443,0,4.38258,0.002096919
"2017-04-25 05:00:00",28125,619.6276,599.8199,0,23.812,23.232,99.998,98.714,1596.399,23.71249,23.11949,23.5098,99.26614,0.1670139,4.434442,0.002140529
"2017-04-25 06:00:00",28126,600.8272,599.7222,0,23.612,23.06,99.998,98.766,1636.223,23.46144,23.06,23.35242,99.58831,0.009861111,4.545063,0.002152805
"2017-04-25 07:00:00",28127,601.0104,599.7802,0,24.273,22.95,99.998,97.828,1727.857,23.9433,22.95,23.33635,99.73821,0,4.799602,0.004063488
"2017-04-25 08:00:00",28128,619.6032,599.7772,0,26.648,24.292,97.789,78.468,2388.981,24.35851,22.30494,25.46084,87.98912,0.3377778,6.636057,0.009613615
"2017-04-25 09:00:00",28129,620.1526,599.7802,0,28.458,26.558,78.875,69.781,2517.662,23.33531,22.03232,27.32261,75.38655,1.64493,6.993506,0.04527412
"2017-04-25 10:00:00",28130,600.9341,599.7466,0,29.02,27.858,71.742,66.582,2593.989,22.84651,21.55229,28.39022,68.96027,2.52618,7.205523,0.08078579
"2017-04-25 11:00:00",28131,620.116,599.765,0,31.27,28.32,69.541,59.902,2966.775,23.63579,21.77015,29.77565,65.58348,1.965348,8.241041,0.07507221
"2017-04-25 12:00:00",28132,619.8932,599.826,0,31.708,29.49,65.257,56.419,2922.656,23.13015,21.41434,30.68815,60.90909,1.784653,8.118488,0.07909426
"2017-04-25 13:00:00",28133,619.8718,599.765,0,32.289,29.638,65.285,55.543,3099.27,23.48377,21.47692,31.27879,59.73046,1.931528,8.609082,0.08809578
"2017-04-25 14:00:00",28134,620.2015,599.8871,0,32.128,29.548,63.667,55.88,2595.438,23.37271,21.27781,30.92392,59.63782,1.694513,7.209551,0.07764654
"2017-04-25 15:00:00",28135,620.2289,599.8565,0,32.699,30.109,62.271,54.5,2588.743,23.02308,21.28807,31.58383,57.40261,1.841667,7.190953,0.08858205
"2017-04-25 16:00:00",28136,619.9969,599.7833,0,32.837,30.67,60.991,52.721,2381.325,23.04079,21.43048,31.707,56.66407,1.619862,6.614791,0.08043437
"2017-04-25 17:00:00",28137,620.2564,599.7222,0,32.758,30.541,59.667,52.949,2172.539,22.5866,21.30325,31.62599,56.3632,1.354444,6.03483,0.0689181
"2017-04-25 18:00:00",28138,620.2534,599.8718,0,31.74,28.458,68.394,55.277,1962.856,22.31558,21.40414,30.25737,61.04595,0.6991668,5.452377,0.03447837
"2017-04-25 19:00:00",28139,600.0824,599.7497,0,28.478,27.45,75.109,68.21,1652.596,22.66439,22.06542,27.89448,71.53692,0,4.590546,0.002351108
"2017-04-25 20:00:00",28140,620.1832,599.7497,0,27.45,26.448,76.955,70.25,1567.605,22.75353,21.22069,26.9912,74.58041,0.3440972,4.35446,0.01071374
"2017-04-25 21:00:00",28141,620.0061,599.8596,0,27.018,25.605,83.123,76.195,1543.059,22.70796,22.41746,26.19348,80.30936,0.26625,4.286276,0.007225567
"2017-04-25 22:00:00",28142,619.9573,599.9237,0,25.656,24.806,88.132,82.605,1569.276,22.77015,22.45046,25.25026,85.26241,0.3902083,4.359098,0.00740315
"2017-04-25 23:00:00",28143,600.4487,599.9756,0,24.815,24.012,94.352,88.132,1584.479,23.10668,22.68966,24.3936,91.40541,0,4.401331,0.00213976
"2017-04-26 00:00:00",28144,600.6319,599.8107,0,24.132,23.872,96.74,94.046,1581.926,23.43892,22.89672,24.0002,95.73012,0,4.394239,0.002115441
"2017-04-26 01:00:00",28145,600.6196,599.9023,0,24.124,23.582,98.52,96.566,1583.225,23.63381,23.18359,23.85214,97.3319,0.008055556,4.397847,0.002126385
"2017-04-26 02:00:00",28146,600.9219,599.7344,0,23.702,23.402,99.386,98.52,1583.087,23.50463,23.25631,23.55242,98.99527,0,4.397463,0.002099049
"2017-04-26 03:00:00",28147,600.3632,599.9695,0,23.782,23.402,99.514,98.818,1582.065,23.67021,23.31035,23.66144,99.26939,0,4.394626,0.002098398
"2017-04-26 04:00:00",28148,600.3693,599.8565,0,23.872,23.632,99.531,99.242,1583.382,23.77899,23.53283,23.71785,99.41563,0,4.398283,0.002100131
"2017-04-26 05:00:00",28149,600.0702,599.8077,0,23.893,23.642,99.89,99.226,1582.453,23.80516,23.62168,23.78121,99.42718,0,4.395702,0.002099862
"2017-04-26 06:00:00",28150,600.0732,599.7863,0,23.692,23.171,99.998,99.852,1559.503,23.692,23.171,23.42616,99.988,0,4.331954,0.002067103
"2017-04-26 07:00:00",28151,600.0702,599.7802,0,23.582,22.79,99.998,96.558,1580.495,23.212,22.77734,23.1181,98.71541,0,4.390264,0.00376363
"2017-04-26 08:00:00",28152,600.9707,599.765,0,25.196,23.612,96.598,86.953,1841.516,23.41115,22.68796,24.58026,91.54394,0.07534721,5.115324,0.005017478
"2017-04-26 09:00:00",28153,619.3132,599.7802,0,28.439,25.005,88.154,74.688,2822.378,24.1602,22.58085,26.52229,82.0314,1.13007,7.83994,0.02636938
"2017-04-26 10:00:00",28154,600.9829,599.7344,0,29.33,27.107,80.566,72.816,2881.532,24.40147,22.98804,27.97015,77.21165,1.671668,8.004256,0.0440841
"2017-04-26 11:00:00",28155,601.0104,599.8016,0,30.888,28.84,74.144,61.917,3308.57,24.12101,22.01917,29.77724,67.68137,1.946597,9.190471,0.07101254
"2017-04-26 12:00:00",28156,619.9603,599.7192,0,31.79,29.74,65.584,58.011,3136.248,23.98684,21.60473,30.77234,61.81292,2.027084,8.711801,0.0866195
"2017-04-26 13:00:00",28157,620.2534,599.7497,0,32.148,30.09,64.546,53.785,2741.762,23.46597,20.9254,30.95907,59.90148,1.276598,7.616005,0.06113743
"2017-04-26 14:00:00",28158,620.2289,599.7711,0,32.457,29.84,65.449,55.244,2716.191,23.61348,21.94785,31.29539,60.27288,1.343055,7.544975,0.06353584
"2017-04-26 15:00:00",28159,619.9573,599.9329,0,33.277,30.029,65.347,53.47,2568.187,23.7716,21.96415,31.91876,57.88912,1.340694,7.133852,0.06723684
"2017-04-26 16:00:00",28160,601.0073,599.9176,0,33.407,31.06,58.743,51.82,2349.192,23.17681,21.61761,32.58393,55.05866,1.185555,6.525533,0.06445667
"2017-04-26 17:00:00",28161,620.3236,599.8565,0,32.768,31.518,58.157,52.807,2127.521,22.95388,21.57307,32.16826,55.70878,1.164513,5.909779,0.06176696
"2017-04-26 18:00:00",28162,600.9371,599.8412,0,31.678,28.888,65.333,56.478,1899.652,22.43982,21.51517,30.49159,60.3773,0.5413889,5.276812,0.02838216
"2017-04-26 19:00:00",28163,619.7894,599.7344,0,28.888,26.789,76.436,64.933,1626.329,22.47211,21.5177,27.9214,70.05812,0,4.517581,0.002327606
"2017-04-26 20:00:00",28164,600.6074,599.9084,0,26.857,25.516,86.512,75.078,1592.753,23.33715,21.93342,26.37939,81.20055,0.007013889,4.424313,0.002351574
"2017-04-26 21:00:00",28165,620.058,599.9084,0,25.506,24.404,93.046,81.865,1602.209,23.39175,22.165,24.89658,89.63667,0.007500001,4.450582,0.002249522
"2017-04-26 22:00:00",28166,620.1282,599.9176,0,25.686,25.036,81.867,78.52,1576.902,22.17711,21.27916,25.3811,79.5892,0.033125,4.380283,0.002871747
"2017-04-26 23:00:00",28167,600.8486,599.7497,0,25.355,24.445,81.785,77.884,1583.98,21.44225,20.87423,24.84685,79.6663,0.003958334,4.399944,0.002273256
"2017-04-27 00:00:00",28168,620.1923,599.7161,0,24.876,24.182,84.416,78.871,1574.244,21.74654,20.95769,24.59354,81.63496,0.253125,4.372901,0.006513933
"2017-04-27 01:00:00",28169,619.9969,599.9207,0,24.794,24.102,86.894,83.02,1583.696,22.09176,21.40798,24.32936,84.88261,0.2688889,4.399154,0.005901058
"2017-04-27 02:00:00",28170,620.2411,599.7192,0,24.304,24.042,90.656,86.48,1591.991,22.58193,21.69402,24.17665,88.11062,0.1151389,4.422197,0.003447736
"2017-04-27 03:00:00",28171,600.8975,599.8412,0,24.132,23.792,93.058,90.621,1585.466,22.67835,22.49005,23.89298,92.16666,0.03236111,4.404072,0.002367574
"2017-04-27 04:00:00",28172,620.1679,599.7955,0,24.112,23.832,93.638,92.546,1578.174,22.9952,22.59486,23.94522,92.96981,0.03777778,4.383818,0.002366198
"2017-04-27 05:00:00",28173,600.9066,599.8412,0,24.132,23.662,95.466,93.438,1566.221,23.1089,22.8592,23.93167,94.43774,0.003333333,4.350614,0.002118229
"2017-04-27 06:00:00",28174,600.0549,599.71,0,23.672,22.439,99.453,95.434,1525.327,22.92376,22.34005,22.86463,97.91874,0,4.23702,0.002027709
"2017-04-27 07:00:00",28175,619.4872,599.9023,0,24.835,22.289,99.998,95.082,1657.651,24.09466,22.24996,22.92157,99.07975,0,4.604586,0.003912496
"2017-04-27 08:00:00",28176,600.9493,599.8107,0,25.917,24.864,95.039,90.23,1915.766,24.48942,23.6341,25.26325,92.11861,0.6272916,5.321574,0.009325257
"2017-04-27 09:00:00",28177,619.6887,599.7619,0,28.118,25.956,90.898,76.586,2674.122,24.65788,23.0934,27.21738,81.33538,2.01243,7.428118,0.04176788
"2017-04-27 10:00:00",28178,620.1526,599.7955,0,30.1,27.47,79.742,69.512,3085.888,24.42142,22.99341,28.9295,73.61592,2.295417,8.571913,0.06596612
"2017-04-27 11:00:00",28179,620.0947,599.7955,0,31.38,28.5,72.838,63.597,2912.266,24.95246,22.37446,29.75839,69.27222,1.642779,8.089626,0.05842055
"2017-04-27 12:00:00",28180,600.9219,599.7802,0,31.839,29.08,74.443,65.072,3103.076,25.33565,23.50524,30.30995,69.90644,1.581805,8.619656,0.05653078
"2017-04-27 13:00:00",28181,620.0977,599.8718,0,32.218,30.529,69.42,61.962,3021.351,25.31199,23.36741,31.37499,65.9442,1.465069,8.39264,0.06014388
"2017-04-27 14:00:00",28182,620.1069,599.7375,0,32.968,30.59,67.744,58.287,2746.611,24.92945,22.93049,31.89694,62.76678,1.475209,7.629475,0.06547982
"2017-04-27 15:00:00",28183,620.1038,599.7497,0,33.806,30.201,69.298,56.664,2512.879,24.72228,22.81069,32.14759,61.29296,1.191597,6.98022,0.05646348
"2017-04-27 16:00:00",28184,620.0671,599.7344,0,34.447,32.06,62.697,54.739,2315.213,24.66604,23.02618,32.89569,59.05595,0.9587494,6.431148,0.049594
"2017-04-27 17:00:00",28185,600.986,599.9023,0,34.455,30.15,67.598,54.011,1907.952,24.66999,23.23914,31.55221,63.32767,0.7984029,5.299868,0.03706842
"2017-04-27 18:00:00",28186,620.3511,599.7497,0,31.478,27.298,82.094,62.785,1636.202,24.29802,23.27113,29.57721,71.11065,1.379305,4.545005,0.04530993
"2017-04-27 19:00:00",28187,620.1069,599.7802,5.842001,27.438,22.589,98.184,81.804,1465.806,24.48634,21.73807,24.50474,93.16743,1.199306,4.071683,0.007941688
"2017-04-27 20:00:00",28188,619.8718,599.8535,0.254,23.592,22.48,95.406,89.92,1564.651,22.52548,21.05482,22.97416,92.52396,0.1259722,4.346252,0.00292869
"2017-04-27 21:00:00",28189,600.9158,600.2045,0,23.232,22.47,96.039,92.34,1549.397,22.46637,21.37653,22.95409,94.43801,0,4.303882,0.00206807
"2017-04-27 22:00:00",28190,600.9707,599.7283,0,24.453,22.348,97.109,86.632,1531.382,22.37082,21.76077,23.38499,92.10223,0,4.253838,0.002062446
"2017-04-27 23:00:00",28191,600.5708,599.6887,0,24.453,23.212,96.342,86.789,1529.705,23.25917,22.08609,23.88553,93.67853,0,4.249179,0.002061757
"2017-04-28 00:00:00",28192,600.6746,599.939,0,24.564,24.022,96.296,93.24,1529.424,23.92093,23.21589,24.30799,95.26455,0.01354167,4.248401,0.002118804
"2017-04-28 01:00:00",28193,619.5696,599.9207,0,24.744,24.434,98.31,96.277,1586.419,24.43417,23.82769,24.56811,97.62696,0.01430556,4.406719,0.002147545
"2017-04-28 02:00:00",28194,619.3865,599.7344,0,24.864,24.484,99.058,98.242,1590.019,24.64027,24.34128,24.67608,98.65546,0.004861111,4.41672,0.002126222
"2017-04-28 03:00:00",28195,600.8975,599.7344,0,24.514,24.202,99.998,99.082,1562.252,24.41413,24.202,24.32124,99.82974,0.07944444,4.33959,0.002053496
"2017-04-28 04:00:00",28196,600.9219,599.7955,0,24.542,24.154,99.754,97.062,1647.355,24.26577,23.93596,24.3721,98.12891,0.2370833,4.575987,0.002487429
"2017-04-28 05:00:00",28197,600.0549,599.7222,0,24.154,23.361,99.998,98.596,1566.99,23.98038,23.361,23.77525,99.65895,0,4.352751,0.002081333
"2017-04-28 06:00:00",28198,600.0702,599.7955,0,23.472,22.99,99.998,99.998,1496.318,23.472,22.99,23.24537,99.99786,0,4.156438,0.001993114
"2017-04-28 07:00:00",28199,600.2747,599.6978,0,24.674,22.82,99.998,98.094,1633.445,24.44708,22.82,23.40211,99.82757,0,4.537347,0.003872143
"2017-04-28 08:00:00",28200,618.6935,599.7405,0,26.918,24.716,98.273,86.102,2185.518,24.74076,23.76724,25.96768,90.82642,0.008125001,6.070884,0.005234952
"2017-04-28 09:00:00",28201,618.4707,599.7192,0,26.789,25.746,90.367,86.078,1999.834,24.59426,23.71028,26.16102,88.50048,1.515278,5.555095,0.02122023
"2017-04-28 10:00:00",28202,618.4951,599.8412,0,28.88,25.917,89.271,76.105,2666.108,24.91065,23.82661,27.22005,83.95581,1.552639,7.405855,0.03029652
"2017-04-28 11:00:00",28203,619.0323,599.765,0,30.478,28.018,80.357,70.058,3148.968,25.42569,23.20765,29.16165,74.95068,1.562848,8.747134,0.04690401
"2017-04-28 12:00:00",28204,620.0336,599.7497,0,32.378,29.048,76.58,66.527,3140.312,25.55643,23.86199,30.61445,70.31059,1.45007,8.723089,0.0524474
"2017-04-28 13:00:00",28205,620.1923,599.8779,0,32.338,29.88,72.972,64.593,2543.163,25.46461,23.32686,30.84747,68.62101,1.333958,7.064341,0.0504264
"2017-04-28 14:00:00",28206,619.7009,599.9084,0,32.828,29.68,72.506,60.033,2396.068,25.36567,23.64347,31.141,66.97691,0.9826385,6.655746,0.04097959
"2017-04-28 15:00:00",28207,620.1038,599.8107,0,33.289,30.81,68.48,56.969,2595.161,25.31196,23.36673,32.39686,62.01947,1.218402,7.208781,0.05694043
"2017-04-28 16:00:00",28208,620.2625,599.8871,0,33.417,30.978,65.871,56.15,2167.034,25.0164,23.22109,32.28467,61.22858,1.209791,6.01954,0.05664752
"2017-04-28 17:00:00",28209,620.4091,599.8901,0,33.628,27.078,81.468,56.533,1977.05,24.89352,23.13789,30.63007,68.00496,1.734514,5.491807,0.06234413
"2017-04-28 18:00:00",28210,619.8932,599.7802,5.08,27.039,24.324,95.781,80.638,1399.563,23.92229,22.75405,25.01028,90.10461,0.9343051,3.887676,0.01231501
"2017-04-28 19:00:00",28211,619.8779,599.765,0,24.334,23.944,98.201,95.73,1468.203,23.90683,23.36369,24.12121,96.80481,0.09298611,4.078341,0.002230752
"2017-04-28 20:00:00",28212,619.8138,599.8016,1.016,24.194,23.232,99.002,96.406,1509.86,23.95968,22.88952,23.78381,97.82032,0.1668055,4.194056,0.002289364
"2017-04-28 21:00:00",28213,619.4017,599.7802,0.508,23.43,22.97,98.934,97.941,1516.454,23.21153,22.70733,23.18283,98.43433,0,4.212372,0.002020427
"2017-04-28 22:00:00",28214,619.4231,599.765,19.30399,23.361,21.576,99.634,91.88,1648.595,23.16516,21.10646,22.33912,97.06368,2.014931,4.57943,0.005106485
"2017-04-28 23:00:00",28215,600.8333,600.3816,0.762,22.118,21.486,99.998,99.432,1682.521,22.118,21.486,21.73743,99.93639,0.1509027,4.67367,0.002096388
"2017-04-29 00:00:00",28216,600.812,599.9481,0,21.968,21.616,99.998,99.998,1621.678,21.968,21.616,21.7734,99.99786,0,4.504661,0.002110417
"2017-04-29 01:00:00",28217,600.7997,600.2106,0,21.997,21.676,99.998,99.998,1564.985,21.997,21.676,21.84501,99.99786,0,4.347181,0.002048941
"2017-04-29 02:00:00",28218,600.5433,600.2473,0,22.138,21.646,99.998,99.998,1529.84,22.138,21.646,21.81393,99.99786,0,4.249555,0.002009495
"2017-04-29 03:00:00",28219,600.5616,599.7741,0,22.218,21.968,99.998,99.998,1504.404,22.218,21.968,22.07578,99.99786,0,4.178901,0.001985525
"2017-04-29 04:00:00",28220,600.0427,599.7192,0,22.248,21.927,99.998,99.998,1477.308,22.248,21.927,22.08143,99.99786,0,4.103633,0.001955491
"2017-04-29 05:00:00",28221,617.0696,599.6734,0.254,22.448,22.007,99.998,99.998,1473.321,22.448,22.007,22.30634,99.99786,0,4.092558,0.001954406
"2017-04-29 06:00:00",28222,616.8804,599.826,0,22.409,22.218,99.998,99.998,1475.721,22.409,22.218,22.32773,99.99786,0.0007638889,4.099226,0.001956981
"2017-04-29 07:00:00",28223,600.928,599.7131,0,22.95,22.088,99.998,99.998,1570.245,22.95,22.088,22.52401,99.99786,0,4.361793,0.003718833
"2017-04-29 08:00:00",28224,600.9829,599.9817,0,24.613,22.91,99.998,98.762,1703.57,24.52347,22.91,23.50429,99.9248,0,4.73214,0.004017583
"2017-04-29 09:00:00",28225,615.3235,599.7955,0,26.938,24.584,99.176,82.644,2683.993,24.80544,23.09935,25.9877,88.1722,0.3006945,7.455535,0.009793668
"2017-04-29 10:00:00",28226,600.9677,599.7924,0,28.72,26.578,84.742,76.312,2998.59,24.74022,23.38215,27.31127,81.72173,1.045416,8.329417,0.02599325
"2017-04-29 11:00:00",28227,615.6105,599.7527,0,29.958,27.49,81.468,73.672,2829.246,25.03802,23.51905,28.4067,77.75194,1.43764,7.859016,0.038661
"2017-04-29 12:00:00",28228,617.9426,599.7375,0,30.56,27.858,79.14,66.414,2401.145,25.46307,22.94664,28.97122,73.37612,1.662362,6.669846,0.05020388
"2017-04-29 13:00:00",28229,618.4951,599.7253,0,30.458,28.06,77.844,68.781,2408.159,25.39681,23.16558,29.43896,72.62164,1.609931,6.689332,0.05058125
"2017-04-29 14:00:00",28230,619.069,599.829,0,31.888,28.869,74.592,63.667,2783.91,25.65604,23.24862,30.58913,68.71774,1.232222,7.733085,0.04744436
"2017-04-29 15:00:00",28231,619.6795,599.7253,0,32.468,30.88,69.035,60.537,2547.695,25.00846,23.1789,31.60402,64.50935,1.249028,7.076931,0.05395054
"2017-04-29 16:00:00",28232,620.1069,599.8748,0,33.107,31.518,63.75,58.705,2237.555,24.66809,23.03675,32.19106,61.27214,0.8034026,6.21543,0.04018217
"2017-04-29 17:00:00",28233,619.9146,599.9115,0,32.289,31.041,64.16,58.851,2025.495,23.99889,22.51464,31.59091,60.7396,0.9659719,5.626376,0.0465538
"2017-04-29 18:00:00",28234,620.2411,599.8107,0,32.01,28.098,75.012,60.318,1785.305,23.83248,22.14804,30.31403,65.01645,0.4317361,4.959181,0.02117291
"2017-04-29 19:00:00",28235,620.2839,599.7497,0,28.089,26.226,80.441,73.406,1558.167,23.65168,22.20422,27.05944,76.9537,0,4.328242,0.002202023
"2017-04-29 20:00:00",28236,620.2625,599.7344,0,26.378,24.915,88.178,78.98,1521.767,22.92858,21.97984,25.6237,82.90131,0.01493056,4.22713,0.002374501
"2017-04-29 21:00:00",28237,600.8211,599.9939,0,25.165,24.132,95.66,84.789,1542.927,23.83173,22.31529,24.59272,92.19171,0,4.28591,0.002091385
"2017-04-29 22:00:00",28238,600.8883,599.8351,0,24.535,23.322,98.441,94.082,1548.866,23.7791,23.02616,24.06466,96.18179,0.003472222,4.302406,0.002088351
"2017-04-29 23:00:00",28239,620.1465,599.8077,0,25.236,23.35,98.578,89.273,1541.014,23.41304,23.05283,24.37641,93.41972,0.3316667,4.280595,0.003971058
"2017-04-30 00:00:00",28240,600.9371,599.9146,0,24.564,24.073,96.434,92.046,1548.742,23.54569,23.05028,24.23709,94.39919,0.0007638889,4.302061,0.002089316
"2017-04-30 01:00:00",28241,600.699,600.0519,0,24.434,24.132,97.5,96.203,1540.04,23.9745,23.52297,24.31168,96.76096,0,4.277888,0.002067495
"2017-04-30 02:00:00",28242,619.5177,599.7375,0,24.703,24.202,97.777,97.042,1564.969,24.24081,23.79694,24.43221,97.41283,0.002986111,4.347135,0.002101422
"2017-04-30 03:00:00",28243,600.1099,599.7344,0,24.674,24.194,98.626,97.121,1570.865,24.2198,23.94514,24.43316,97.75394,0.004027777,4.363514,0.002107734
"2017-04-30 04:00:00",28244,600.0702,599.7192,0,24.284,23.662,99.918,98.554,1523.149,24.13248,23.63385,24.09755,99.219,0,4.230969,0.002036676
"2017-04-30 05:00:00",28245,600.0702,599.765,0,23.642,23,99.998,99.75,1500.343,23.62168,23,23.32381,99.99295,0,4.16762,0.001998687
"2017-04-30 06:00:00",28246,600.0702,599.7497,0,23.151,22.79,99.998,99.998,1489.897,23.151,22.79,22.96379,99.99786,0,4.138603,0.001982185
"2017-04-30 07:00:00",28247,600.0702,599.7802,0,23.993,22.79,99.998,99.998,1546.272,23.993,22.79,23.16259,99.99786,0,4.295201,0.003687302
"2017-04-30 08:00:00",28248,600.8975,599.7344,0,26.476,23.944,99.998,87.234,1960.887,24.51763,23.92381,24.62946,97.71192,0.03868056,5.446907,0.004674954
"2017-04-30 09:00:00",28249,618.3364,599.768,0,27.136,25.846,90.148,84.91,2264.16,24.84238,23.70383,26.23574,88.1502,0.9513887,6.289334,0.01632141
"2017-04-30 10:00:00",28250,618.1624,599.7253,0.508,27.309,25.746,93.312,85.558,2301.706,25.49662,23.97658,26.59875,89.14924,0.9477079,6.393628,0.01549109
"2017-04-30 11:00:00",28251,618.7973,599.8107,0,29,26.796,87.59,77.939,2466.983,25.62908,23.84923,27.60694,83.91785,1.205069,6.85273,0.02507904
"2017-04-30 12:00:00",28252,600.9493,599.9451,0,29.99,27.638,81.684,72.957,3292.57,25.53131,23.77127,28.89055,76.75591,1.725625,9.146028,0.04755129
"2017-04-30 13:00:00",28253,619.7436,599.9207,22.35199,30.81,21.997,97.796,70.804,2071.422,26.03186,20.97368,27.14556,81.51786,1.507361,5.753951,0.03207986
"2017-04-30 14:00:00",28254,619.3651,599.7802,0,27.759,23.232,93.504,82.25,1961.014,25.10822,21.35023,25.80828,87.56919,0.06638889,5.44726,0.005546671
"2017-04-30 15:00:00",28255,601.0073,599.9237,0,28.018,25.756,90.582,82.789,1968.989,25.66267,23.77533,27.16696,86.28532,0.4384028,5.469414,0.01093601
"2017-04-30 16:00:00",28256,619.1972,599.826,0,27.548,25.615,91.021,75.168,1717.75,24.23516,22.37774,26.87615,81.04345,0.426736,4.771528,0.01258252
"2017-04-30 17:00:00",28257,600.9646,599.7527,0.254,27.319,26.266,89.105,79.32,1621.045,24.86449,23.16152,26.79643,85.74077,0.005694444,4.502903,0.004104833
"2017-04-30 18:00:00",28258,600.7875,599.9634,0,26.588,25.686,95.304,87.636,1526.362,25.06851,24.28206,26.19073,91.40468,0.04597222,4.239893,0.004169255
"2017-04-30 19:00:00",28259,600.9219,599.7589,0,25.746,24.584,98.281,94.22,1504.353,25.10826,23.63838,25.0041,96.77599,0.1459722,4.178757,0.002430261
"2017-04-30 20:00:00",28260,600.2137,599.7497,0,24.613,24.073,97.378,94.41,1542.675,23.75865,23.54107,24.32998,95.91727,0.004583334,4.285209,0.002090488
"2017-04-30 21:00:00",28261,600.8822,599.7497,0,24.073,23.322,99.176,97.322,1517.502,23.65307,23.10131,23.68662,98.10076,0,4.215282,0.002029341
"2017-04-30 22:00:00",28262,600.0702,599.7222,0,23.642,23.26,99.684,98.742,1533.03,23.50805,23.15343,23.41519,99.25095,0.0007638889,4.258418,0.002039639
"2017-04-30 23:00:00",28263,600.7784,599.9023,0,23.392,22.71,99.998,99.738,1504.684,23.3782,22.71,22.99063,99.96122,0,4.179678,0.001999334
