"TOA5","CR200Series","CR200X","No_SN","CR200X.Std.02","estacaoAtual.CR2","15733","Table1"
"TIMESTAMP","RECORD","BP_mbar_Max","BP_mbar_Min","Rain_mm_Tot","AirTC_Max","AirTC_Min","RH_Max","RH_Min","SlrkJ_Tot","TdC_Max","TdC_Min","AirTC_Avg","RH_Avg","WS_ms_Avg","SlrkJ_Avg","ETo"
"TS","RN","mbar","mbar","mm","Deg C","Deg C","%","%","kJ/m^2","Deg C","Deg C","Deg C","%","meters/sec","kJ/m^2",""
"","","Max","Min","Tot","Max","Min","Max","Min","Tot","Max","Min","Avg","Avg","Avg","Avg","ETo"
"2017-11-01 00:00:00",32677,620.2869,599.7985,0,24.394,23.944,86.558,81.718,1266.555,21.72874,21.03361,24.12271,84.52779,0.7078472,3.518209,0.01091838
"2017-11-01 01:00:00",32678,620.2717,599.8046,0,24.284,24.034,86.191,85.188,1228.461,21.69266,21.48954,24.15506,85.58324,1.167778,3.41239,0.01447749
"2017-11-01 02:00:00",32679,620.2656,599.8229,0,24.112,23.692,89.094,86.154,1397.439,21.86156,21.63095,23.90135,87.75529,1.217569,3.881775,0.01290098
"2017-11-01 07:00:00",32680,600.9707,599.8596,0,25.196,23.612,92.566,85.027,1056.908,22.63685,22.18054,24.32646,88.88853,0.02524876,5.25825,0.002657738
"2017-11-01 08:00:00",32681,600.9585,599.9451,0,26.296,25.175,85.054,75.82,1857.196,22.69609,21.45331,25.64943,80.78162,1.943889,5.158877,0.03891793
"2017-11-01 09:00:00",32682,600.9707,599.826,0,29.02,25.968,77.088,61.788,2422.043,22.35321,20.65929,27.72745,68.75342,2.395694,6.727898,0.07651865
"2017-11-01 10:00:00",32683,620.2656,599.7772,0,30.041,27.7,67.152,58.417,2869.83,21.63432,20.30745,29.24476,61.21322,2.524097,7.97175,0.1018
"2017-11-01 11:00:00",32684,620.2015,599.7344,0,30.958,28.9,62.546,52.228,2981.123,21.48379,19.83361,29.92747,56.71674,1.756805,8.280897,0.08476357
"2017-11-01 12:00:00",32685,620.1923,599.8107,0,32.158,30.439,57.16,48.808,3057.785,21.22079,19.83907,31.01237,53.14077,1.20243,8.493847,0.06768421
"2017-11-01 13:00:00",32686,620.5983,599.7833,0,33.806,31.31,53.337,45.261,3402.791,21.46869,19.72321,32.48922,49.04376,1.122292,9.452196,0.07121605
"2017-11-01 14:00:00",32687,620.4518,599.8565,0,34.882,32.08,50.846,40.656,3345.936,21.88955,19.23536,33.64386,45.07021,1.191041,9.294266,0.08136246
"2017-11-01 15:00:00",32688,620.5311,599.7497,0,35.912,33.277,44.978,36.461,3236.769,20.57474,18.27638,34.57058,40.35168,1.639236,8.991026,0.1168497
"2017-11-01 16:00:00",32689,620.4426,599.829,0,36.5,33.736,40.103,34.238,3192.789,19.35555,17.48425,34.88339,37.70915,1.356875,8.868857,0.103664
"2017-11-01 17:00:00",32690,620.2747,599.8016,0,36.142,34.604,38.195,34.312,3175.085,18.9411,16.98854,35.33549,35.91003,1.299861,8.819682,0.1031732
"2017-11-01 18:00:00",32691,620.6197,599.765,0,34.735,33.068,42.655,36.166,3158.811,18.7051,17.15331,33.87612,37.78746,1.287917,8.774474,0.09746151
"2017-11-01 19:00:00",32692,620.2961,599.7955,0,33.027,30.26,54.597,42.679,2924.717,20.20313,18.63156,31.36955,50.95603,2.284167,8.124212,0.09123366
"2017-11-01 20:00:00",32693,620.3877,599.9054,0,30.279,27.309,63.099,54.562,2426.977,20.37965,19.68485,28.29387,60.69765,2.576875,6.741603,0.07250312
"2017-11-01 21:00:00",32694,620.3113,599.6978,0,27.319,26.448,64.478,63.004,2071.926,19.716,19.13441,26.90013,63.71352,2.009931,5.755349,0.05489679
"2017-11-01 22:00:00",32695,620.1069,599.7405,0,26.456,25.406,74.652,64.173,1867.927,20.6132,19.11102,25.93903,68.17628,1.925278,5.188685,0.04560407
"2017-11-01 23:00:00",32696,620.2015,599.765,0,25.416,24.584,84.728,74.531,1407.119,21.87441,20.53979,24.91927,80.30521,1.760207,3.908664,0.02612475
"2017-11-02 00:00:00",32697,620.3174,599.829,0,24.664,24.554,85.496,84.222,1195.989,22.07155,21.76081,24.60816,85.03385,1.517083,3.322193,0.01801806
"2017-11-02 01:00:00",32698,620.3083,599.7527,0,24.654,24.334,86.291,84.14,1324.788,22.00659,21.71815,24.52352,85.08652,1.151736,3.679966,0.01501956
"2017-11-02 02:00:00",32699,620.3236,599.7497,0,24.424,24.124,87.25,85.546,1512.213,22.1269,21.78749,24.32616,86.55223,1.137292,4.200592,0.0136641
"2017-11-02 03:00:00",32700,600.8883,599.765,0,24.132,23.652,89.027,87.246,1545.625,21.92861,21.7017,23.86841,88.22257,0.3410416,4.293403,0.005656439
"2017-11-02 07:00:00",32701,600.8975,599.8718,0,25.175,24.382,87.4,84.804,306.2479,22.51136,22.16865,24.80144,86.22264,1.418104,5.280136,0.003582832
"2017-11-02 08:00:00",32702,619.823,599.7131,0,26.699,24.864,84.898,69.05,1833.752,22.60556,20.30071,25.59241,79.01525,1.976598,5.093755,0.04260496
"2017-11-02 09:00:00",32703,600.9341,599.7222,0,29.83,26.418,70.568,58.142,2292.325,21.31679,20.16649,27.75637,65.15311,2.564166,6.36757,0.08941329
"2017-11-02 10:00:00",32704,620.2656,599.765,0,31.298,28.018,62.697,52.041,2688.911,20.79507,19.77774,29.17339,58.46655,2.494999,7.469196,0.1070634
"2017-11-02 11:00:00",32705,620.3358,599.7711,0,31.97,29.369,57.44,47.175,3228.647,20.56731,19.04822,30.60321,52.73135,2.777292,8.968463,0.1371722
"2017-11-02 12:00:00",32706,620.5555,599.7222,0,34.474,31.029,49.679,39.582,3476.918,20.03626,18.22585,32.88977,44.44489,2.708542,9.658106,0.1639769
"2017-11-02 13:00:00",32707,620.3083,599.8687,0,35.523,33.167,43.112,37.144,3414.509,20.34101,17.96841,34.4122,40.19488,2.614931,9.484747,0.1751783
"2017-11-02 14:00:00",32708,620.3846,599.826,0,37.427,33.587,40.626,32.363,3318.624,19.40056,17.55556,35.13522,37.26291,2.465694,9.218399,0.1762766
"2017-11-02 15:00:00",32709,620.5831,599.7497,0,37.127,34.774,36.451,31.52,3227.351,18.51887,16.88049,35.69849,34.26899,2.633819,8.964864,0.1967196
"2017-11-02 16:00:00",32710,600.9646,599.826,0,37.039,34.566,35.289,29.697,3212.686,17.904,15.95965,35.95715,32.54775,2.216597,8.924129,0.174339
"2017-11-02 17:00:00",32711,620.6075,599.71,0,36.9,34.923,33.685,28.975,3197.642,17.11976,15.51328,36.07005,30.83253,1.908959,8.882339,0.1569532
"2017-11-02 18:00:00",32712,620.4945,599.7161,0,35.902,31.35,49.003,30.928,3144.006,19.3742,15.99713,33.6306,41.0637,2.770208,8.733349,0.1784719
"2017-11-02 19:00:00",32713,619.9603,599.7344,0,31.33,28.859,61.557,48.968,2712.574,20.77756,19.34446,30.07182,55.88915,2.7725,7.534928,0.08960918
"2017-11-02 20:00:00",32714,620.696,599.8443,0,28.88,26.878,70.699,61.615,1978.47,21.26014,20.74827,27.60693,67.83056,2.749375,5.495749,0.06043009
"2017-11-02 21:00:00",32715,620.345,599.7344,0,26.898,26.016,72.468,70.662,1635.063,21.1692,20.65681,26.40393,71.56239,2.318125,4.541841,0.04641603
"2017-11-02 22:00:00",32716,620.1191,599.7192,0,26.038,25.455,77.328,72.468,1437.782,21.29332,20.70527,25.71116,75.23341,2.278611,3.993839,0.03919414
"2017-11-02 23:00:00",32717,620.0458,599.7955,0,25.466,25.196,81.812,77.316,1267.46,21.9115,21.19426,25.28133,80.17126,1.968263,3.520722,0.0284107
"2017-11-03 00:00:00",32718,620.4304,599.8107,0,25.326,25.085,82.642,81.804,1259.086,22.09527,21.8817,25.21474,82.27551,1.941389,3.497461,0.02524535
"2017-11-03 01:00:00",32719,620.1526,599.8412,0,25.336,24.786,84.382,82.121,1413.592,22.11559,21.9565,25.07229,83.16405,1.606111,3.926646,0.02134091
"2017-11-03 02:00:00",32720,620.1679,599.7497,0,24.884,24.716,84.594,81.386,1483.25,22.00833,21.43696,24.79625,83.30635,2.06736,4.120139,0.02464541
"2017-11-03 03:00:00",32721,620.0916,599.8596,0,24.884,24.362,83.367,80.98,1481.294,21.48225,21.19887,24.65141,81.89939,1.846319,4.114705,0.02471744
"2017-11-03 04:00:00",32722,620.2289,599.6978,0,24.744,24.453,81.82,77.08,1450.361,21.26568,20.43362,24.59473,79.31818,2.202848,4.02878,0.03118248
"2017-11-03 08:00:00",32723,620,599.8321,0,25.265,24.453,77.283,72.886,1020.618,20.42277,20.0273,24.88045,75.33664,2.613321,4.182863,0.04069021
"2017-11-03 09:00:00",32724,620.3174,599.7344,0,27.7,25.255,72.972,63.223,1778.077,20.516,19.98164,26.32932,69.05704,2.480486,4.939103,0.07455584
"2017-11-03 10:00:00",32725,620.0702,599.7375,0,30.67,27.518,63.16,50.376,2658.074,20.22461,18.7078,28.84347,56.66318,2.792084,7.383539,0.1214577
"2017-11-03 11:00:00",32726,600.9524,599.7283,0,32.02,29.52,52.274,44.057,3047.508,19.34521,17.84181,30.48835,48.82113,2.796319,8.465301,0.1481418
"2017-11-03 12:00:00",32727,620.3236,599.8412,0,34.685,30.72,47.571,35.72,3449.987,18.76649,17.10807,32.52626,42.26743,2.556875,9.583298,0.160973
"2017-11-03 13:00:00",32728,620.2534,599.7955,0,35.263,33.158,40.376,34.154,3440.196,18.56844,16.79224,34.17951,37.56346,2.486876,9.556099,0.1742911
"2017-11-03 14:00:00",32729,620.293,599.7497,0,36.13,33.718,38.505,31.088,3344.267,18.31521,15.52503,34.84479,34.49137,2.860069,9.289631,0.2077814
"2017-11-03 15:00:00",32730,600.9738,599.8657,0,36.52,34.384,34.568,28.462,3268.26,17.03373,14.69964,35.52388,30.76265,2.440001,9.0785,0.1931765
"2017-11-03 16:00:00",32731,620.2411,599.7314,0,36.74,34.496,30.999,27.782,3218.399,16.27973,14.25146,35.76585,29.45432,2.125138,8.939998,0.1749606
"2017-11-03 17:00:00",32732,620.1069,599.7192,0,36.64,34.645,30.227,26.854,3218.144,15.75789,13.72066,35.4699,28.65231,2.03986,8.939289,0.169888
"2017-11-03 18:00:00",32733,620.4701,599.7497,0,35.003,33.218,31.26,29.054,3242.747,14.89289,13.65869,34.14622,30.24462,1.652292,9.00763,0.1355805
"2017-11-03 19:00:00",32734,600.928,599.7375,0,33.218,30.1,54.601,31.12,3038.818,20.03858,13.87949,31.70081,45.28247,2.790277,8.44116,0.1165809
"2017-11-03 20:00:00",32735,620.6166,599.8046,0,30.08,28.06,61.677,54.662,2406.79,20.04908,19.85604,29.04004,58.02023,2.389235,6.685526,0.07537208
"2017-11-03 21:00:00",32736,620.7143,599.7497,0,28.06,26.598,65.394,61.677,2055.099,20.10738,19.55613,27.25452,64.08926,1.770069,5.70861,0.05047903
"2017-11-03 22:00:00",32737,620.3267,599.8962,0,26.588,25.436,72.09,65.152,1801.093,20.08248,19.37659,26.01416,68.17342,1.833333,5.003035,0.04422768
"2017-11-03 23:00:00",32738,620.1923,599.9023,0,25.447,24.664,79.178,72.119,1478.244,20.87186,20.06394,25.02664,75.61279,1.537846,4.106234,0.02945098
"2017-11-04 00:00:00",32739,620.4091,599.765,0,24.674,24.173,83.828,79.172,1268.748,21.32652,20.78601,24.41158,81.77525,1.231667,3.524299,0.01879236
"2017-11-04 01:00:00",32740,620.1649,599.7192,0,24.234,23.903,84.976,83.632,1249.601,21.37752,21.20765,24.1306,84.10868,0.9303474,3.471115,0.01353351
"2017-11-04 02:00:00",32741,620.2167,599.8351,0,23.903,23.522,87.082,84.968,1344.22,21.3928,21.19139,23.70445,86.383,0.2627083,3.733945,0.005126873
"2017-11-04 03:00:00",32742,620.2534,599.826,0,23.712,23.492,86.734,84.058,1467.914,21.26792,20.75809,23.61378,85.37525,0.8369445,4.077538,0.01173557
"2017-11-04 04:00:00",32743,620.2747,599.7802,0,23.602,23.26,84.607,80.277,1496.575,20.7748,19.87468,23.43827,82.68045,1.556111,4.157153,0.02055706
"2017-11-04 07:00:00",32744,619.8474,599.8107,0,24.472,22.99,80.848,74.412,961.2465,19.81253,19.51011,23.80059,77.51936,0.3850235,4.534182,0.007303364
"2017-11-04 08:00:00",32745,620.3511,599.765,0,25.968,24.243,74.93,66.73,1880.682,19.82013,19.11123,25.04786,71.39558,2.248333,5.224118,0.06231338
"2017-11-04 09:00:00",32746,620.2411,599.768,0,27.659,25.196,69.564,60.165,2126.51,19.513,18.65553,26.27776,64.76852,2.445071,5.906972,0.08393929
"2017-11-04 10:00:00",32747,619.8871,599.7344,0,30.07,26.468,62.353,47.259,2893.44,18.75671,17.39226,28.55958,53.70829,2.965209,8.037333,0.135577
"2017-11-04 11:00:00",32748,620.3297,599.7344,0,32.168,29.38,51.027,43.642,3266.021,19.23359,17.57442,30.58202,47.35903,2.570972,9.07228,0.1425815
"2017-11-04 12:00:00",32749,620.3969,599.7344,0,33.337,30.42,48.335,38.62,3442.479,18.90136,16.86817,31.78945,43.04138,2.561389,9.56244,0.157058
"2017-11-04 13:00:00",32750,608.9225,599.826,0,34.197,31.848,42.019,35.958,3325.268,18.08375,16.26163,32.77891,39.36696,2.542846,9.236856,0.1684138
"2017-11-04 14:00:00",32751,620.5677,599.7405,0,35.573,33.628,38.414,31.748,3361.855,17.8823,15.34832,34.60112,34.57678,2.206597,9.338487,0.1654344
"2017-11-04 15:00:00",32752,620.5372,599.7802,0,35.714,33.955,36.085,31.256,3252.99,17.21678,15.44347,34.92295,33.06911,2.533543,9.036082,0.1912585
"2017-11-04 16:00:00",32753,620.4579,599.7344,0,35.542,34.085,33.896,30.352,3215.076,16.85489,15.00264,34.75327,32.15043,2.639582,8.930768,0.2001211
"2017-11-04 17:00:00",32754,620.3969,599.8107,0,34.994,33.826,33.751,30.87,3202.304,16.03232,14.81426,34.35675,32.29084,1.884652,8.895288,0.1482024
"2017-11-04 18:00:00",32755,620.1557,599.7161,0,33.996,32.378,35.558,33.21,3198.992,15.92856,15.05,33.19763,34.14662,1.378959,8.886089,0.1080412
"2017-11-04 19:00:00",32756,620.4335,599.7344,0,32.367,30.451,51.285,35.488,3071.039,19.28944,15.16731,31.53587,41.31948,1.26868,8.530664,0.07188502
"2017-11-04 20:00:00",32757,620.1893,599.7344,0,30.43,27.82,58.339,51.28,2479.812,19.33374,18.90041,29.07986,55.12469,2.574791,6.888366,0.08443459
"2017-11-04 21:00:00",32758,620.6197,599.7894,0,27.798,26.386,63.988,58.336,2125.971,19.06645,18.86913,27.11387,60.95221,1.876111,5.905476,0.0567264
"2017-11-04 22:00:00",32759,620.2167,599.8107,0,26.386,25.537,67.876,63.985,1881.842,19.22471,18.92203,25.92452,65.67561,1.572083,5.22734,0.04288473
"2017-11-04 23:00:00",32760,620.3511,599.7222,0,25.576,24.815,76.109,67.848,1596.619,20.33669,19.15391,25.14499,71.29586,1.237569,4.435053,0.02979863
"2017-11-05 00:00:00",32761,600.9341,599.7222,0,24.835,24.613,80.207,76.082,1293.828,21.06353,20.34061,24.73435,78.70789,1.755556,3.593968,0.0278471
"2017-11-05 01:00:00",32762,620.3174,599.7802,0,24.724,24.424,82.125,79.976,1247.909,21.21602,20.96198,24.53804,81.14589,1.165972,3.466414,0.01871782
"2017-11-05 02:00:00",32763,620.3511,599.7589,0,24.434,24.124,83.188,81.098,1273.64,21.25286,20.85918,24.28332,82.59064,1.14875,3.537889,0.01711627
"2017-11-05 03:00:00",32764,620.6624,599.765,0,24.334,23.772,81.865,77.648,1359.003,20.89864,20.07727,24.14416,79.62527,1.665416,3.775009,0.02541692
"2017-11-05 04:00:00",32765,620.2991,599.7955,0,24.102,23.532,81.816,78.558,1378.617,20.42637,19.79617,23.72974,80.06955,1.604375,3.829492,0.02402014
"2017-11-05 05:00:00",32766,620.1526,599.7192,0,22.669,22.63,83.564,83.262,75.13512,19.7313,19.69241,22.64148,83.45979,0.07105263,3.95448,0.0001531072
"2017-11-05 07:00:00",32767,620.1923,599.7985,0,23.712,22.63,81.23,77.132,915.5281,19.54862,19.20649,23.19991,78.97555,0.7887682,4.422841,0.01113057
"2017-11-05 08:00:00",32768,620.2167,599.7619,0,25.736,23.672,77.285,66.275,1760.902,19.59943,18.67299,24.59731,71.71087,1.866319,4.891395,0.05226738
"2017-11-05 09:00:00",32769,619.9237,599.7955,0,28.978,25.736,66.186,54.22,2343.554,19.2268,18.21528,27.3245,59.47768,2.09243,6.509872,0.08653352
"2017-11-05 10:00:00",32770,620.3358,599.71,0,30.52,28.04,57.205,49.846,2849.42,19.27941,18.41739,29.06868,53.7352,2.617639,7.915055,0.1235146
"2017-11-05 11:00:00",32771,620.0427,599.765,0,32.886,29.701,52.053,42.832,3360.471,19.24457,18.14765,31.11466,47.69008,2.773679,9.334641,0.1526771
"2017-11-05 12:00:00",32772,620.5861,599.8321,0,34.025,31.659,46.244,38.417,3396.734,19.32367,17.30914,32.6166,42.3832,2.5075,9.435372,0.1581808
"2017-11-05 13:00:00",32773,600.9463,599.6856,0,35.035,33.226,40.815,33.593,3393.665,18.82072,16.26521,34.28073,36.92165,2.248195,9.426846,0.1615836
"2017-11-05 14:00:00",32774,600.9829,599.768,0,36.001,34.197,37.082,32.228,3285.203,18.03389,16.23106,34.97913,34.53197,2.375695,9.125565,0.177344
"2017-11-05 15:00:00",32775,600.9738,599.7833,0,36.442,34.626,34.478,29.474,3226.742,17.575,15.3547,35.76091,31.86649,2.266112,8.963171,0.178948
"2017-11-05 16:00:00",32776,620.2991,599.7558,0,36.71,35.054,31.266,26.85,3190.502,16.15544,14.2589,36.00592,28.85872,1.957291,8.862506,0.1646525
"2017-11-05 17:00:00",32777,620.2991,599.8107,0,36.941,35.503,29.486,25.688,3182.274,15.50593,13.14552,35.93465,27.1256,1.648889,8.839651,0.1447441
"2017-11-05 18:00:00",32778,620.4091,599.7527,0,35.513,33.476,28.938,27.091,3216.567,14.10942,12.77312,34.54852,27.733,1.210208,8.93491,0.1073621
"2017-11-05 19:00:00",32779,620.348,599.7497,0,33.468,29.798,57.571,28.791,2892.067,20.5677,12.86747,31.54077,47.06812,2.404097,8.033519,0.1020535
"2017-11-05 20:00:00",32780,620.522,599.826,0,29.77,26.777,71.031,57.66,2002.302,21.12317,20.5416,27.96517,65.67718,2.645,5.561949,0.06361663
"2017-11-05 21:00:00",32781,620.2015,599.7375,0,26.768,25.376,76.109,70.992,1574.073,21.11044,20.85391,26.02644,73.67947,1.716251,4.372426,0.03513268
"2017-11-05 22:00:00",32782,620.3328,599.7344,0,25.396,24.754,79.656,76.072,1358.762,21.03639,20.80129,25.07546,77.61464,1.149444,3.774339,0.02215942
"2017-11-05 23:00:00",32783,619.9817,599.7375,0,24.774,24.304,82.58,79.508,1247.698,21.20047,20.99641,24.48997,81.56912,1.18007,3.465828,0.01845745
"2017-11-06 00:00:00",32784,620.2228,599.7222,0,24.314,24.034,84.554,82.494,1250.51,21.39756,21.10259,24.13836,83.78661,1.261736,3.473638,0.01700122
"2017-11-06 01:00:00",32785,620.2991,599.71,0,24.144,23.822,86.714,84.484,1443.377,21.525,21.34717,23.96641,85.70767,1.196042,4.00938,0.01471129
"2017-11-06 02:00:00",32786,620.2625,599.765,0,23.872,23.452,88.314,86.623,1623.645,21.56201,21.39943,23.67322,87.4782,1.205972,4.510125,0.01319575
"2017-11-06 03:00:00",32787,620.1923,599.71,0,23.492,23.08,88.832,88.199,1699.58,21.46078,21.08275,23.28063,88.4894,0.8261112,4.721056,0.009638174
"2017-11-06 04:00:00",32788,620.2991,599.7405,0,23.132,22.71,89.934,88.496,1677.834,21.1772,20.9226,22.90157,89.23456,0.1570139,4.66065,0.003748567
"2017-11-06 05:00:00",32789,620.3236,599.7375,0,22.75,22.168,91.084,89.726,1666.667,21.02766,20.58999,22.50894,90.27074,0.2256251,4.62963,0.00411341
"2017-11-06 07:00:00",32790,620.2503,599.7497,0,24.304,22.83,90.203,81.834,984.7462,21.49491,20.90579,23.65462,86.37557,0.3871621,5.322952,0.00491424
"2017-11-06 08:00:00",32791,620.3267,599.7344,0,26.498,24.073,82.594,62.162,1983.709,20.98086,18.66543,25.10207,73.03645,2.71875,5.510303,0.06893964
"2017-11-06 09:00:00",32792,620.0916,599.71,0,28.65,26.468,62.535,52.991,2635.434,18.86664,17.45181,27.44717,57.20684,2.967499,7.32065,0.1224315
"2017-11-06 10:00:00",32793,620.3389,599.7497,0,29.52,28.079,54.964,46.944,3143.328,18.31049,16.61986,28.79485,49.94983,3.126877,8.731467,0.1538143
"2017-11-06 11:00:00",32794,620.2381,599.7192,0,31.958,29.18,49.906,39.686,3429.956,17.94254,16.21871,30.75025,44.2322,2.524167,9.527655,0.1491527
"2017-11-06 12:00:00",32795,620.4457,599.8046,0,33.736,31.439,41.474,35.939,3440.473,17.60051,15.93156,32.51168,38.56379,2.500764,9.556869,0.1676066
"2017-11-06 13:00:00",32796,620.1404,599.7772,0,34.735,33.199,38.107,33.466,3388.606,17.51441,16.0512,33.9837,35.80148,2.423471,9.412794,0.1744222
"2017-11-06 14:00:00",32797,620.058,599.7497,0,36.062,34.156,36.245,31.68,3301.193,17.61647,16.0272,35.20239,33.43863,1.42882,9.16998,0.1161635
"2017-11-06 15:00:00",32798,620.4091,599.8443,0,36.242,34.704,35.376,31.132,3233.595,17.62049,16.0049,35.41237,33.02869,1.840834,8.982207,0.1460698
"2017-11-06 16:00:00",32799,620.4731,599.7802,0,36.242,34.945,34.148,30.684,3209.556,17.47303,15.38278,35.38844,32.14748,1.751111,8.915432,0.1414763
"2017-11-06 17:00:00",32800,620.5189,599.7253,0,35.534,33.357,39.71,30.409,3210.183,17.8756,15.39581,34.75617,33.76467,1.635209,8.917174,0.1290232
"2017-11-06 18:00:00",32801,620.4854,599.7253,0,33.397,31.34,42.697,39.273,3191.446,18.04516,17.05567,32.54278,40.88628,2.186249,8.865129,0.1436729
"2017-11-06 19:00:00",32802,620.2534,599.8321,0,31.33,28.791,51.255,42.56,3024.035,17.75351,17.10123,29.8666,47.14943,2.434028,8.400098,0.09824728
"2017-11-06 20:00:00",32803,620.348,599.7344,0,28.77,26.558,64.566,51.216,2392.275,19.56673,17.6881,27.58249,59.86351,2.639862,6.645209,0.07346161
"2017-11-06 21:00:00",32804,620.3419,599.7741,0,26.568,25.216,71.574,64.41,1892.538,19.74332,19.17059,25.79522,67.68562,1.843195,5.257051,0.04482849
"2017-11-06 22:00:00",32805,620.348,599.8718,0,25.224,24.594,76.506,71.542,1577.889,20.23804,19.72324,24.93314,73.74112,1.339514,4.383024,0.02876938
"2017-11-06 23:00:00",32806,620.2625,599.7497,0,24.654,24.253,82.488,76.355,1318.66,21.11716,20.17526,24.36489,80.05318,1.581875,3.662945,0.02421384
"2017-11-07 00:00:00",32807,620.3846,599.9176,0,24.334,24.042,84.445,82.234,1189.876,21.31747,21.08548,24.22672,83.24635,2.080209,3.305212,0.02417045
"2017-11-07 01:00:00",32808,620.348,599.8412,0,24.064,23.672,86.1,84.441,1265.559,21.36513,21.21478,23.88628,85.37423,2.014376,3.51544,0.02066911
"2017-11-07 02:00:00",32809,620.1832,599.7497,0,23.702,23.302,87.533,86.035,1458.92,21.26697,21.1267,23.51468,86.73196,0.8734027,4.052556,0.01107151
"2017-11-07 03:00:00",32810,620.1282,599.9329,0,23.331,23.18,88.262,87.502,1531.361,21.18886,21.07491,23.2458,87.85794,1.1575,4.25378,0.012297
"2017-11-07 04:00:00",32811,600.9585,599.7955,0,23.251,22.77,89.636,88.09,1612.469,21.19783,20.94017,23.06728,88.57577,1.072083,4.47908,0.01113199
"2017-11-07 05:00:00",32812,619.9969,599.7344,0,23.251,22.669,89.949,87.531,1601.184,21.10096,20.90989,22.97838,88.69012,0.8904858,4.447732,0.009794153
"2017-11-07 07:00:00",32813,600.8516,599.7955,0,24.375,23.662,85.928,81.468,813.3743,21.38147,20.80744,24.09726,83.44373,1.608536,4.959599,0.01285682
"2017-11-07 08:00:00",32814,620.0061,599.8535,0,25.255,24.194,81.56,72.855,1703.284,20.91387,19.89956,24.96179,75.69571,2.679583,4.731345,0.06112116
"2017-11-07 09:00:00",32815,620.0916,599.7344,0,27.018,25.005,73.542,63.83,1890.591,20.2974,19.47015,26.02622,68.83443,2.603542,5.251643,0.07778584
"2017-11-07 10:00:00",32816,620.2259,599.8138,0,29.451,26.768,64.906,55.912,2486.465,20.2147,19.30573,27.99808,60.66436,2.412639,6.906848,0.09625261
"2017-11-07 11:00:00",32817,620.3694,599.7344,0,31.499,28.07,60.003,49.83,3197.154,20.93746,19.22336,29.97866,54.47039,2.035903,8.880982,0.1010627
"2017-11-07 12:00:00",32818,620.2534,599.826,0,32.927,30.279,53.033,44.595,3422.164,20.29407,18.90857,31.73226,48.37722,2.405,9.50601,0.1354713
"2017-11-07 13:00:00",32819,620.4854,599.7283,0,34.166,32.06,48.597,40.831,3394.621,20.49631,18.80037,32.99395,44.6673,2.045,9.429502,0.1288125
"2017-11-07 14:00:00",32820,620.4731,599.7222,0,34.745,32.457,45.273,39.433,3287.263,20.42194,18.43866,33.55645,42.65572,1.847916,9.131286,0.1230463
"2017-11-07 15:00:00",32821,620.4823,599.8412,0,36.22,33.456,43.863,36.91,3269.388,20.3544,18.40497,34.53495,40.337,1.410138,9.081633,0.1026092
"2017-11-07 16:00:00",32822,620.4823,599.829,0,35.573,32.917,43.173,36.058,3179.757,19.35776,18.01372,34.51872,38.85906,1.283125,8.832658,0.0965282
"2017-11-07 17:00:00",32823,620.7326,599.7527,0,35.513,33.417,40.763,36.9,3146.637,18.94633,17.82966,33.98406,39.25578,1.408195,8.740658,0.1031137
"2017-11-07 18:00:00",32824,620.4091,599.7497,0,34.025,31.439,46.994,38.421,3092.452,18.88614,17.75378,32.92963,42.14488,1.721667,8.590144,0.1151919
"2017-11-07 19:00:00",32825,600.9524,599.7375,0,31.439,29.478,53.851,47.088,2914.008,19.20781,18.7712,30.45031,50.30006,2.07,8.094467,0.08450489
"2017-11-07 20:00:00",32826,620.0671,599.7344,0,29.478,27.22,65.871,53.845,2410.055,20.35151,19.14867,28.35743,59.76516,2.482709,6.694597,0.07262935
"2017-11-07 21:00:00",32827,620.3113,599.7497,0,27.239,26.157,69.186,65.644,1938.535,20.32927,19.93583,26.67558,67.04555,2.020973,5.384819,0.04976855
"2017-11-07 22:00:00",32828,620.1649,599.7741,0,26.186,24.934,77.613,69.218,1635.281,20.82889,20.08455,25.49612,74.22733,1.649861,4.542448,0.03309964
"2017-11-07 23:00:00",32829,620.3113,599.7497,0,24.946,24.343,82.246,77.644,1296.666,21.18134,20.76438,24.5801,80.5122,2.112152,3.601851,0.02859303
"2017-11-08 00:00:00",32830,619.9939,599.8962,0,24.353,23.852,85.068,82.218,1230.319,21.25942,21.1233,24.10623,83.73673,1.326181,3.417554,0.01759661
"2017-11-08 01:00:00",32831,620.2869,599.6978,0,23.972,23.652,86.701,84.506,1262.66,21.36045,21.16217,23.83689,85.37894,1.873403,3.507389,0.01974583
"2017-11-08 02:00:00",32832,620.232,599.7589,0,23.732,23.511,87.512,86.266,1479.695,21.40417,21.24747,23.61047,86.95652,0.9964583,4.110263,0.01195039
"2017-11-08 03:00:00",32833,600.9646,599.6642,0,23.772,23.472,87.218,85.826,1538.094,21.34382,21.20312,23.67185,86.35915,1.160764,4.272483,0.01380986
"2017-11-08 04:00:00",32834,620.3174,599.7375,0,23.552,23.322,87.832,87.24,1552.503,21.39467,21.16639,23.45832,87.57361,0.7120833,4.312507,0.009232069
"2017-11-08 07:00:00",32835,600.116,599.9023,0,24.404,24.222,81.006,79.871,307.871,20.83632,20.633,24.32413,80.2886,2.026838,4.527515,0.00736984
"2017-11-08 08:00:00",32836,600.9066,599.7802,0,26.456,24.375,80.148,65.023,1823.116,20.82001,19.01933,25.53994,71.18415,2.738611,5.064211,0.0742808
"2017-11-08 09:00:00",32837,620.0671,599.6856,0,28.5,26.106,66.074,56.709,2273.375,19.76546,18.80926,27.03383,62.09224,3.256458,6.31493,0.1157387
"2017-11-08 10:00:00",32838,620.2289,599.7222,0,30.01,27.88,58.213,50.38,2989.434,19.64044,18.10391,28.85548,54.52693,3.188542,8.303984,0.1424308
"2017-11-08 11:00:00",32839,620.4609,599.8748,0,32.357,28.888,53.597,43.5,3464.369,19.07174,17.7654,30.70535,47.84233,2.842987,9.623247,0.1544008
"2017-11-08 12:00:00",32840,620.3846,599.71,0,33.577,31.15,46.157,37.908,3473.751,18.63278,16.72538,32.15943,41.92963,2.535139,9.649308,0.159722
"2017-11-08 13:00:00",32841,620.3877,599.7527,0,34.556,32.289,41.746,35.484,3428.232,18.54911,16.39927,33.47054,37.99668,2.34132,9.522866,0.1624811
"2017-11-08 14:00:00",32842,620.3419,599.7344,0,35.951,33.497,39.402,32.584,3352.045,18.62173,16.32498,34.6209,35.17981,1.879375,9.311235,0.1427151
"2017-11-08 15:00:00",32843,620.5739,599.7833,0,36.73,33.657,36.63,31.614,3256.64,17.92361,16.6269,35.35168,34.10146,2.132709,9.046224,0.1634234
"2017-11-08 16:00:00",32844,620.4487,599.8596,0,35.771,33.207,39.441,34.501,3234.368,18.62692,16.65711,34.21281,37.42112,1.832152,8.984356,0.133918
"2017-11-08 17:00:00",32845,620.3755,599.765,0,34.835,32.168,43.644,37.556,3192.137,18.89897,17.88283,33.17876,41.23506,2.335208,8.867047,0.1527801
"2017-11-08 18:00:00",32846,620.4579,599.7833,0,32.268,29.779,50.388,42.926,3075.897,18.46176,17.8645,30.86083,46.7951,2.52,8.544158,0.142009
"2017-11-08 19:00:00",32847,620.3724,599.7497,0,29.77,28.178,54.774,50.288,2853.731,18.38435,17.81426,28.9495,51.57956,2.448125,7.92703,0.08809315
"2017-11-08 20:00:00",32848,620.406,599.7192,0,28.169,26.266,64.337,54.865,2329.636,19.4163,18.23753,27.18982,60.948,2.586251,6.471211,0.06976615
"2017-11-08 21:00:00",32849,620.3389,599.8077,0,26.266,25.286,66.66,63.81,1971.998,18.96194,18.42801,25.74771,65.05775,2.345973,5.477772,0.05623731
"2017-11-08 22:00:00",32850,620.3602,599.8168,0,25.336,24.434,74.252,65.654,1748.824,19.58827,18.40981,24.86629,69.29158,1.777361,4.857844,0.04046401
"2017-11-08 23:00:00",32851,620.3389,599.7283,0,24.453,24.034,80.586,74.314,1433.291,20.53792,19.60035,24.23805,77.63155,1.674931,3.981364,0.02801777
"2017-11-09 00:00:00",32852,600.9219,599.7497,0,24.102,23.903,82.125,80.617,1242.708,20.72899,20.51913,24.00558,81.52057,1.739098,3.451968,0.02363025
"2017-11-09 01:00:00",32853,620.0764,599.7802,0,24.073,23.612,83.668,81.472,1237.203,20.78242,20.6398,23.88497,82.337,1.597361,3.436675,0.02135949
"2017-11-09 02:00:00",32854,620.1801,599.6887,0,23.662,23.482,85.132,83.64,1309.927,20.95012,20.68185,23.55992,84.68335,0.5109722,3.638685,0.00855084
"2017-11-09 03:00:00",32855,620.3144,599.7222,0,23.682,23.572,85.182,84.693,1441.488,21.01231,20.90939,23.62671,84.94901,0.1084028,4.004132,0.00353188
"2017-11-09 04:00:00",32856,620.29,599.7955,0,23.752,23.371,85.271,84.449,1436.315,21.01391,20.72572,23.59661,84.89101,0.6970139,3.989763,0.01061845
"2017-11-09 07:00:00",32857,620.1893,599.7344,0,24.314,22.95,87.89,77.832,883.4728,20.97258,20.07021,23.70072,82.23475,1.606735,4.577579,0.01581951
"2017-11-09 08:00:00",32858,600.9341,599.826,0,26.366,24.314,77.836,66.781,1834.169,20.35173,19.47617,25.11248,73.28441,2.658125,5.094913,0.06687605
"2017-11-09 09:00:00",32859,620.2411,599.765,0,28.638,26.308,67.324,52.105,2584.997,19.84214,17.62582,27.4242,58.79074,3.120208,7.180547,0.1228106
"2017-11-09 10:00:00",32860,620.1221,599.8412,0,30.24,27.418,55.554,49.005,3154.304,18.57278,17.51287,28.82989,52.07057,3.00986,8.761956,0.1431832
"2017-11-09 11:00:00",32861,620.6075,599.8871,0,31.43,29.298,51.007,45.475,3393.247,19.03776,17.60556,30.44984,48.29613,2.811528,9.425685,0.1508369
"2017-11-09 12:00:00",32862,620.4121,599.7497,0,33.357,30.82,49.391,41.615,3400.203,19.41726,18.01047,31.77207,45.657,2.898265,9.445007,0.1663539
"2017-11-09 13:00:00",32863,620.1893,599.7924,0,33.367,31.548,46.432,41.177,3201.294,19.12847,18.03479,32.26194,43.94089,2.360278,8.892483,0.1451068
"2017-11-09 14:00:00",32864,620.1893,599.8229,0,34.275,31.638,44.728,38.617,3228.559,19.09687,17.78177,32.9097,41.71338,2.559583,8.968218,0.1632354
"2017-11-09 15:00:00",32865,620.1526,599.8046,0,35.074,32.199,42.861,37.308,3253.008,19.41934,17.83238,33.57291,40.27887,2.381458,9.036132,0.1589578
"2017-11-09 16:00:00",32866,620.5067,599.8504,0,34.525,32.238,42.998,38.525,3162.62,18.80753,17.74837,33.12496,40.91229,2.21993,8.785055,0.1468768
"2017-11-09 17:00:00",32867,620.2625,599.7344,0,33.507,31.928,47.554,39.704,3126.82,19.52526,17.66094,32.64035,42.80289,2.487291,8.685612,0.1555209
"2017-11-09 18:00:00",32868,620.3938,599.8107,0,31.919,29.82,54.179,47.442,2915.825,19.65032,19.23336,30.72927,51.13321,2.197291,8.099513,0.1161266
"2017-11-09 19:00:00",32869,620.4091,599.8779,0,29.83,28.138,60.823,54.181,2445.597,19.92561,19.57216,28.9728,57.48587,2.123612,6.793325,0.07064284
"2017-11-09 20:00:00",32870,620.58,599.7314,0,28.13,26.206,70.748,60.882,1937.184,20.50479,19.86981,27.17865,65.9256,2.691668,5.381068,0.06225753
"2017-11-09 21:00:00",32871,620.2228,599.7405,0,26.206,25.104,76.695,70.808,1524.686,20.79032,20.50527,25.58229,74.32014,2.55979,4.235239,0.04339946
"2017-11-09 22:00:00",32872,620.1221,599.7222,0,25.104,24.695,78.039,76.718,1297.599,20.83294,20.59958,24.90984,77.55021,2.475624,3.604441,0.03640734
"2017-11-09 23:00:00",32873,620.3236,599.7222,0,24.735,24.464,80.246,77.855,1256.733,20.98042,20.59587,24.56845,79.58688,2.094306,3.490925,0.02970106
"2017-11-10 00:00:00",32874,620.2717,599.7405,0,24.613,24.093,81.886,79.96,1273.093,20.9837,20.78442,24.36657,80.7933,1.81243,3.536368,0.0254623
"2017-11-10 01:00:00",32875,600.9585,599.7344,0,24.154,23.932,82.562,81.8,1338.037,20.94515,20.7519,24.07407,82.23699,1.413055,3.716769,0.02000547
"2017-11-10 02:00:00",32876,620.0825,599.765,0,24.253,24.112,82.32,81.14,1414.011,20.96781,20.78732,24.1736,81.73902,1.405694,3.927809,0.02057864
"2017-11-10 03:00:00",32877,620.3267,599.7741,0,24.375,23.912,83.855,80.434,1422.948,21.15268,20.70712,24.26914,81.28468,1.48632,3.952634,0.0219116
"2017-11-10 04:00:00",32878,620.2137,599.8412,0,24.382,23.862,83.98,80.742,1436.618,21.0378,20.78246,24.23172,81.52712,1.321875,3.990607,0.02001689
"2017-11-10 05:00:00",32879,620.2381,599.7466,0.508,24.343,22.128,97.086,81.098,1462.725,21.69987,20.85236,23.46168,87.19035,1.738194,4.063126,0.01663717
"2017-11-10 08:00:00",32880,619.881,599.7497,0,25.204,22.82,92.582,76.292,2015.528,21.69593,20.4748,23.82322,83.70742,2.081558,6.220765,0.03118191
"2017-11-10 09:00:00",32881,620.2259,599.7222,0,28.859,25.146,76.794,58.552,2317.09,20.84195,19.84667,26.76877,67.77741,2.614444,6.436361,0.08266596
"2017-11-10 10:00:00",32882,620.0702,599.7863,0,29.88,27.888,61.708,54.631,3060.882,20.24192,19.34634,28.93785,57.63193,2.992917,8.502451,0.1268139
"2017-11-10 11:00:00",32883,620.3389,599.7344,0,31.678,29.939,55.857,48.546,3530.673,20.37619,19.13783,30.66893,51.97055,2.715625,9.807424,0.1374772
"2017-11-10 12:00:00",32884,619.9481,599.7955,0,32.758,30.56,51.752,45.132,3397.389,20.05292,18.42597,31.44269,48.01097,2.609027,9.437192,0.1451924
"2017-11-10 13:00:00",32885,620.5372,599.8077,0,33.935,30.638,49.406,40.943,3445.479,19.70154,17.82461,32.3348,44.73783,2.466598,9.570774,0.1492678
"2017-11-10 14:00:00",32886,620.3389,599.8412,0,35.583,32.117,44.938,34.466,3360.58,19.98371,17.1189,33.52517,40.46202,2.251598,9.334945,0.1511658
"2017-11-10 15:00:00",32887,620.2656,599.7894,0,34.745,32.357,42.257,35.837,3322.433,18.48961,17.114,33.31479,39.57379,2.316041,9.22898,0.156437
"2017-11-10 16:00:00",32888,603.5623,599.8504,0,35.023,33.417,39.344,34.703,3284.474,18.28359,16.77236,34.36749,36.62261,2.067153,9.123539,0.1509582
"2017-11-10 17:00:00",32889,620.5739,599.8077,0,34.853,32.968,38.719,34.328,3246.81,17.56456,16.15526,33.93733,36.22435,1.661944,9.018916,0.1247797
"2017-11-10 18:00:00",32890,601.0928,599.7344,0,33.448,31.08,49.099,37.452,3250.178,19.15902,16.67441,32.30146,41.52469,1.804515,9.028273,0.1202685
"2017-11-10 19:00:00",32891,620.2473,599.7405,0,31.09,28.278,59.975,49.133,2941.612,19.92911,19.17926,29.59102,55.35703,2.52375,8.171144,0.08456965
"2017-11-10 20:00:00",32892,620.5403,599.7405,0,28.268,26.327,67.922,59.908,2366.862,19.9477,19.62222,27.18185,63.78945,2.680069,6.574615,0.0662173
"2017-11-10 21:00:00",32893,620.0855,599.7253,0,26.318,25.156,72.144,67.918,1888.616,20.08586,19.28731,25.63997,70.40074,2.261529,5.246156,0.0466218
"2017-11-10 22:00:00",32894,600.9554,599.8412,0,25.134,24.464,71.289,66.688,1783.703,19.49955,18.35823,24.81298,69.09322,1.580902,4.954732,0.03766425
"2017-11-10 23:00:00",32895,620.1923,599.765,0,24.504,23.842,79.136,71.32,1545.082,20.13145,18.98094,24.1416,75.84554,1.892361,4.291893,0.03258685
"2017-11-11 00:00:00",32896,620.2045,599.7009,0,23.852,23.511,83.058,79.117,1307.7,20.52031,20.02774,23.65005,81.36052,1.346597,3.632499,0.02000189
"2017-11-11 01:00:00",32897,620.3328,599.7955,0,23.562,23.201,84.844,82.924,1231.905,20.57506,20.48088,23.3493,84.09901,1.665971,3.421957,0.01955604
"2017-11-11 02:00:00",32898,620.3358,599.8016,0,23.222,22.92,87.472,84.812,1341.407,20.79111,20.50339,23.08098,86.29486,1.476945,3.726131,0.01574217
"2017-11-11 03:00:00",32899,620.1771,599.8443,0,22.98,22.57,88.666,87.234,1495.616,20.78119,20.56481,22.76286,87.87215,0.6218056,4.15449,0.008114852
"2017-11-11 04:00:00",32900,620.2015,599.826,0,22.64,21.997,91,88.552,1483.105,20.68036,20.4384,22.26318,89.95193,0.1453472,4.119735,0.003296855
"2017-11-11 05:00:00",32901,600.8028,599.9939,0,22.678,22.669,87.742,87.718,12.46872,20.55285,20.54844,22.675,87.72599,0.8333333,4.15624,5.488064E-05
"2017-11-11 07:00:00",32902,600.8853,599.9023,0,24.132,22.529,90.014,83.512,757.2177,21.3946,20.81736,23.39553,86.82697,0.939706,4.949135,0.006622456
"2017-11-11 08:00:00",32903,600.9097,599.7497,0,24.716,23.912,83.705,76.922,1734.753,21.24832,20.35428,24.32162,80.22563,2.410625,4.818758,0.04574751
"2017-11-11 09:00:00",32904,620.0092,599.7131,0,28.208,24.664,77.14,61.596,2161.666,20.91844,19.82961,26.26881,70.02737,2.497776,6.004626,0.07335809
"2017-11-11 10:00:00",32905,620.2411,599.7497,0,30.09,27.358,62.941,53.638,3042.87,20.44962,19.26262,28.43718,59.55612,2.643195,8.452416,0.1085545
"2017-11-11 11:00:00",32906,620.0427,599.6703,0,31.359,29.791,54.852,47.952,3555.348,20.24089,18.60472,30.63457,50.88247,2.516389,9.875966,0.1318215
"2017-11-11 12:00:00",32907,620.4487,599.8138,0,33.487,30.81,49.659,39.453,3521.369,19.39736,17.2581,32.06425,44.71548,2.502431,9.781581,0.1505852
"2017-11-11 13:00:00",32908,620.2167,599.7497,0,34.537,32.488,44.352,32.273,3466.821,18.83461,15.31553,33.63999,37.75851,2.27236,9.630057,0.1594855
"2017-11-11 14:00:00",32909,619.9207,599.7497,0,35.943,34.076,36.277,29.93,3392.847,17.22351,14.85431,34.83751,32.23614,2.047569,9.424576,0.1610235
"2017-11-11 15:00:00",32910,620.464,599.7344,0,36.599,35.353,31.642,27.21,3294.332,16.6555,14.52291,36.10337,29.35941,1.711736,9.150923,0.1458048
"2017-11-11 16:00:00",32911,619.9481,599.7375,0,36.941,35.593,30.844,26.665,3242.336,16.25411,14.26448,36.44571,28.1241,1.242431,9.006488,0.1122691
"2017-11-11 17:00:00",32912,620.5708,599.7497,0,36.718,34.675,31.684,27.291,3238.791,15.81407,14.44098,35.62427,29.28091,1.459166,8.996642,0.1258903
"2017-11-11 18:00:00",32913,620.2747,599.7802,0,35.445,31.201,47.55,30.093,3275.701,18.78644,15.02001,33.42719,37.30374,2.575069,9.099169,0.1776659
"2017-11-11 19:00:00",32914,620.5372,599.6978,0,31.22,28.779,55.419,47.517,3019.841,19.28655,18.75105,29.84019,52.61131,2.604515,8.388448,0.09210583
"2017-11-11 20:00:00",32915,620.5677,599.765,0,28.798,27.188,55.02,52.156,2823.643,18.88351,17.29789,28.03775,53.53762,2.278541,7.843453,0.0787819
"2017-11-11 21:00:00",32916,620.3877,599.7955,0,27.2,25.596,61.958,54.814,2619.456,17.79242,17.28144,26.39605,58.05387,2.317362,7.276266,0.06852072
"2017-11-11 22:00:00",32917,620.1343,599.7344,0,25.596,24.604,71.64,61.921,2244.569,19.17731,17.73374,25.02197,66.56148,1.521111,6.234913,0.04019274
"2017-11-11 23:00:00",32918,620.2259,599.8412,0,24.632,23.622,81.21,71.64,1677.022,20.23975,19.16449,24.1009,76.64236,1.279722,4.658395,0.02450101
"2017-11-12 00:00:00",32919,620.3052,599.7253,0,23.702,23.341,85.539,81.207,1329.824,20.83182,20.20347,23.55421,83.80331,1.539653,3.693955,0.01911657
"2017-11-12 01:00:00",32920,620.2747,599.8718,0,23.452,23.232,86.762,85.539,1200.131,21.0734,20.77234,23.32168,86.34251,0.82125,3.333699,0.01060152
"2017-11-12 02:00:00",32921,620.3511,599.7497,0,23.331,22.75,89.371,86.609,1307.119,21.0546,20.82963,23.12314,87.60464,0.01333333,3.630887,0.001979102
"2017-11-12 03:00:00",32922,620.2778,599.765,0,23.11,22.73,90.59,89.248,1411.039,21.32996,20.90346,22.90697,89.78399,0.1336111,3.919554,0.003168416
"2017-11-12 04:00:00",32923,620.3113,599.7375,0,22.94,22.148,92.824,90.438,1495.473,21.34275,20.91924,22.64882,91.34442,0.02972222,4.154091,0.002249258
"2017-11-12 05:00:00",32924,600.0702,599.7344,0,22.178,21.626,94.824,92.74,1551.625,21.0518,20.75078,21.87976,94.07096,0,4.310069,0.002053738
"2017-11-12 07:00:00",32925,619.9939,599.7497,0,23.952,22.49,93.796,88.094,652.3814,22.00588,21.45204,23.25847,91.02627,0.08010563,4.594235,0.001824944
"2017-11-12 08:00:00",32926,600.9554,599.8565,0,26.898,23.932,88.195,68.632,1933.144,22.09963,20.46571,25.18758,79.07944,2.1175,5.369845,0.04468368
"2017-11-12 09:00:00",32927,619.9084,599.7497,0,28.609,26.308,70.945,54.786,2689.129,20.79741,18.25536,27.61556,60.65739,3.138542,7.469802,0.1187143
"2017-11-12 10:00:00",32928,620.3938,599.7863,0,30.9,28.34,57.467,50.244,3260.749,19.65172,18.57896,29.47259,53.74599,2.642154,9.057634,0.126235
"2017-11-12 11:00:00",32929,620.2534,599.7253,0,32.289,29.99,52.99,43.531,3477.46,20.00453,18.26494,31.07345,48.57372,2.439514,9.659611,0.1351039
"2017-11-12 12:00:00",32930,620.6502,599.7405,0,34.236,32.08,46.039,37.89,3485.016,19.48221,17.41387,33.0971,41.59159,2.219931,9.680601,0.1458652
"2017-11-12 13:00:00",32931,620.4396,599.768,0,35.982,33.736,41.985,34.351,3445.394,19.30349,17.34239,34.70274,37.89445,1.862779,9.570539,0.1363529
"2017-11-12 14:00:00",32932,620.4518,599.7497,0,36.91,34.085,38.302,31.986,3340.271,19.13246,16.62021,35.6035,34.70469,1.836874,9.278532,0.1429495
"2017-11-12 15:00:00",32933,620.5586,599.7344,0,37.638,35.673,36.111,28.798,3277.984,18.44563,16.01344,36.45343,32.47934,1.964167,9.105512,0.1583106
"2017-11-12 16:00:00",32934,620.2411,599.6948,0,37.439,34.156,34.292,28.512,3218.865,17.55125,15.78143,36.47238,30.98892,1.788819,8.941293,0.1488352
"2017-11-12 17:00:00",32935,620.3297,599.7161,3.556,36.062,34.105,34.408,30.694,3239.057,16.81576,16.00069,35.25317,32.43226,2.118056,8.997381,0.1661029
"2017-11-12 18:00:00",32936,620.3022,599.7985,0,34.745,31.81,41.583,33.414,3259.424,17.35871,16.15301,33.21333,37.90325,2.561596,9.053955,0.1745707
"2017-11-12 19:00:00",32937,620.0092,599.7344,0,31.79,29.728,50.771,41.548,3118.601,18.50615,17.1423,30.76516,45.96361,2.417569,8.662782,0.1025461
"2017-11-12 20:00:00",32938,620.2411,599.7222,0,29.74,27.79,60.736,50.769,2719.526,19.53679,18.45038,28.67474,55.79365,2.019861,7.554239,0.07064732
"2017-11-12 21:00:00",32939,620.3846,599.7955,0,27.81,26.096,72.691,60.83,2168.215,20.83536,19.56167,26.95376,66.87019,2.017014,6.02282,0.05054925
"2017-11-12 22:00:00",32940,620.2991,599.7497,0,26.106,24.764,81.576,72.722,1540.535,21.44413,20.83804,25.37078,77.52096,2.318403,4.279263,0.03576034
"2017-11-12 23:00:00",32941,620.3389,599.6978,0,24.786,24.263,83.82,81.539,1320.956,21.48062,21.31745,24.4974,82.8155,0.8816667,3.669323,0.01417134
"2017-11-13 00:00:00",32942,619.9207,599.8016,0,24.414,23.812,86.91,83.357,1253.295,21.56676,21.338,24.07888,85.06092,0.6211112,3.481375,0.009642594
"2017-11-13 01:00:00",32943,620.0183,599.7497,0,23.842,23.371,89.125,86.796,1320.911,21.63048,21.43273,23.61519,88.15266,1.213542,3.669197,0.01234184
"2017-11-13 02:00:00",32944,620.2503,599.707,0,23.562,23.251,90.25,88.8,1567.504,21.7232,21.4561,23.44962,89.23951,0.5127082,4.354178,0.006730805
"2017-11-13 03:00:00",32945,620.0397,599.6734,0,23.472,23.18,90.996,89.792,1602.223,21.74722,21.57869,23.34143,90.30949,0.9115276,4.450618,0.008836459
"2017-11-13 04:00:00",32946,619.8932,599.881,0,23.562,23.292,90.457,89.628,1664.87,21.81055,21.6227,23.45257,89.93819,0.7681946,4.624638,0.00828245
"2017-11-13 05:00:00",32947,620.2869,599.7802,0,23.672,23.452,90.91,89.621,1708.571,21.98386,21.79011,23.56663,90.11437,0.6296527,4.74603,0.007311323
"2017-11-13 07:00:00",32948,599.9939,599.9939,0,24.173,24.173,88.73,88.73,5.531902,22.21205,22.21205,24.173,88.73,0,5.531902,0.06272849
"2017-11-13 08:00:00",32949,620.2137,599.7192,0,25.686,24.214,88.744,81.01,2067.932,22.67793,22.0023,25.0208,84.91364,1.6725,5.744255,0.02804214
"2017-11-13 09:00:00",32950,620.2747,599.7497,0,29.63,25.634,80.988,62.673,2271.397,22.41641,21.48683,27.19394,73.69051,1.677569,6.309436,0.04818617
"2017-11-13 10:00:00",32951,620.2534,599.7619,0,30.619,28.018,65.789,53.619,2864.247,22.10549,19.9689,29.32877,60.98784,2.367639,7.956241,0.09725828
"2017-11-13 11:00:00",32952,620.2015,599.7344,0,33.007,29.458,58.669,46.477,3619.594,21.13747,19.92443,31.87637,51.0127,2.28882,10.05443,0.1243929
"2017-11-13 12:00:00",32953,620.2686,599.6734,0,34.566,31.759,50.226,41.131,3493.452,20.78585,19.27211,33.22504,45.28601,2.402848,9.704032,0.1469491
"2017-11-13 13:00:00",32954,620.4579,599.8443,0,35.751,33.755,45.837,37.037,3421.241,20.76944,18.82985,34.64798,41.45766,1.682778,9.503448,0.1179799
"2017-11-13 14:00:00",32955,620.5739,599.7131,0,36.64,34.556,40.845,34.722,3372.35,19.56623,17.95686,35.68055,37.07418,2.011251,9.36764,0.1495799
"2017-11-13 15:00:00",32956,620.5311,599.6978,0,37.009,34.724,39.314,34.281,3301.831,19.67904,18.00595,35.90873,36.23108,2.041805,9.171753,0.1538597
"2017-11-13 16:00:00",32957,620.58,599.7711,0,37.098,34.406,40.005,33.855,3250.829,19.52713,18.3742,35.74856,37.18191,2.238195,9.030081,0.1637527
"2017-11-13 17:00:00",32958,620.2991,599.7863,0,35.542,33.068,43.291,37.628,3264.054,19.24343,18.48632,33.9069,41.20586,2.975832,9.066816,0.1903404
"2017-11-13 18:00:00",32959,620.1191,599.7985,0,33.218,30.59,49.622,42.706,3264.628,18.91915,18.53633,31.80621,45.90788,2.871459,9.068412,0.1641764
"2017-11-13 19:00:00",32960,620.1526,599.7222,0,30.6,28.63,55.947,49.556,3055.617,19.03964,18.83896,29.54115,52.95467,2.719791,8.487824,0.09313536
"2017-11-13 20:00:00",32961,620.0214,599.7527,0,28.638,27.046,61.363,55.979,2708.814,19.19949,18.97746,27.67858,59.5152,2.324791,7.524484,0.06900294
"2017-11-13 21:00:00",32962,620.4426,599.7497,0,27.058,25.807,66.111,61.33,2389.845,19.18064,18.92877,26.38421,64.08629,1.627708,6.638458,0.04687516
"2017-11-13 22:00:00",32963,620.0427,599.7497,0,25.856,24.995,69.722,65.41,2070.683,19.13059,18.80312,25.49121,66.98482,2.024444,5.751897,0.04830137
"2017-11-13 23:00:00",32964,620.5708,599.7955,0,25.024,24.194,78.646,69.724,1771.299,20.27585,19.10969,24.60977,73.8102,1.677639,4.920274,0.03323934
"2017-11-14 00:00:00",32965,620.3113,599.829,0,24.194,23.662,85.34,78.672,1442.551,21.10226,20.27118,23.85651,82.53951,1.263402,4.007086,0.01825169
"2017-11-14 01:00:00",32966,620.3724,599.6856,0,23.722,23.532,87.291,85.32,1225.515,21.37229,21.1081,23.61504,86.46568,1.478403,3.404208,0.01571785
"2017-11-14 02:00:00",32967,620.2656,599.6856,0,23.562,23.11,89.394,87.195,1313.512,21.36473,21.23891,23.32621,88.34144,1.30743,3.648645,0.01265316
"2017-11-14 03:00:00",32968,620.2991,599.8565,0,23.302,22.87,90.824,88.596,1552.497,21.49126,21.24637,23.08513,89.78434,1.239305,4.312491,0.01101351
"2017-11-14 04:00:00",32969,619.9939,599.7497,0,23.241,23.07,90.277,89.3,1701.462,21.50759,21.3044,23.1726,89.77669,1.310903,4.726285,0.01155319
"2017-11-14 05:00:00",32970,600.873,599.7802,0,23.18,23.03,90.542,89.521,1683.246,21.52126,21.28317,23.10852,89.90066,0.8768747,4.675684,0.008946532
"2017-11-14 07:00:00",32971,600.116,599.8718,0,24.394,24.034,87.768,86.367,387.4957,22.09922,21.83022,24.18037,87.19212,1.793836,5.30816,0.005002737
"2017-11-14 08:00:00",32972,620.0336,599.7344,0,26.128,24.394,86.402,75.332,2068.998,22.37388,21.35872,25.38241,80.84948,2.453056,5.747218,0.04671064
"2017-11-14 09:00:00",32973,620.3144,599.7711,0,28.84,25.766,76.672,63.932,2230.42,21.68838,20.77712,26.88782,71.21628,2.63382,6.195612,0.07481048
"2017-11-14 10:00:00",32974,620.1649,599.7375,0,30.32,27.688,64.445,54.345,2831.791,21.40685,19.77824,28.59135,61.23793,2.645972,7.866086,0.1043051
"2017-11-14 11:00:00",32975,620.3113,599.7497,0,31.499,29.31,56.978,49.861,3189.14,20.8521,18.92789,29.99399,53.99391,2.153126,8.858722,0.106942
"2017-11-14 12:00:00",32976,620.0549,599.6978,0,32.218,29.548,54.68,46.804,3165.25,20.39913,18.62311,30.52314,50.90648,1.839096,8.792362,0.1004804
"2017-11-14 13:00:00",32977,620.5006,599.7802,0,31.81,30.16,52.202,46.672,3179.86,19.79257,18.83439,30.87761,50.05269,2.166668,8.832944,0.1180091
"2017-11-14 14:00:00",32978,620.2625,599.7344,0,33.746,31.509,48.631,42.09,3323.505,20.33625,18.55454,32.1601,45.95599,2.092916,9.231958,0.1265596
"2017-11-14 15:00:00",32979,620.5098,599.8474,0,34.786,31.7,47.027,39.039,3333.334,20.53684,18.45812,32.92107,44.07103,1.397846,9.259262,0.09377046
"2017-11-14 16:00:00",32980,620.5616,599.768,0,34.645,32.449,44.761,38.697,3242.969,19.29078,17.91623,33.17952,41.76007,2.061528,9.008247,0.1362404
"2017-11-14 17:00:00",32981,619.9908,599.765,0,33.007,31.598,45.304,41.539,3206.179,18.79706,17.87681,32.41002,42.99322,1.933819,8.906054,0.1247164
"2017-11-14 18:00:00",32982,620.1893,599.765,0,31.659,31.119,46.041,44.431,3115.906,18.48124,17.92503,31.47223,45.1095,1.611389,8.655293,0.1012084
"2017-11-14 19:00:00",32983,620.3206,599.8168,0,31.138,29.26,51.77,43.076,3078.985,18.35679,16.65245,30.38382,45.92126,2.144652,8.552735,0.09389641
"2017-11-14 20:00:00",32984,620.6075,599.7344,0,29.26,27.418,59.994,51.766,2839.693,19.02813,18.32707,28.33564,56.09875,2.287083,7.888036,0.0754021
"2017-11-14 21:00:00",32985,620.3358,599.8412,0,27.428,26.308,64.128,60.023,2418.679,19.20751,18.96633,26.86371,62.28547,1.928542,6.718554,0.05570234
"2017-11-14 22:00:00",32986,620.3602,599.8474,0,26.337,25.496,71.037,64.154,2075.526,19.89862,19.00033,25.91352,66.67769,1.72118,5.76535,0.04444366
"2017-11-14 23:00:00",32987,620.5311,599.7955,0,25.496,24.724,79.934,71.092,1701.837,21.05519,19.88691,25.1896,74.4596,1.511597,4.727325,0.03074807
"2017-11-15 00:00:00",32988,620.0794,599.7344,0,24.825,24.484,83.158,79.875,1394.348,21.52242,21.02244,24.70649,81.68629,1.280904,3.873188,0.01965336
"2017-11-15 01:00:00",32989,620.2778,599.7344,0,24.504,24.132,85.096,83.13,1268.56,21.60606,21.42018,24.28185,84.47736,1.394305,3.523777,0.01753838
"2017-11-15 02:00:00",32990,620.2808,599.7497,0,24.194,23.832,86.193,84.512,1316.921,21.49267,21.33741,24.05646,85.13274,0.8108332,3.658115,0.0116299
"2017-11-15 03:00:00",32991,620.1771,599.7497,0,24.083,23.832,86.191,85.148,1450.729,21.48001,21.32739,23.98142,85.50459,0.9644444,4.029802,0.01291602
"2017-11-15 04:00:00",32992,620.1862,599.8107,0,24.304,23.903,85.539,81.974,1520.272,21.41761,20.98549,24.07681,83.77103,1.489236,4.222977,0.01918537
"2017-11-15 05:00:00",32993,600.8669,599.7955,0,24.202,23.692,85.539,82.207,1516.756,21.20941,20.86859,23.94501,83.66235,1.810832,4.213211,0.0217397
"2017-11-15 07:00:00",32994,620.1649,599.9329,0,24.514,24.132,82.992,80.625,572.1971,21.21476,20.95104,24.34414,81.75341,2.135869,4.975627,0.01227931
"2017-11-15 08:00:00",32995,619.9695,599.7497,0,26.058,24.514,80.75,71.434,1782.806,21.20597,20.25722,25.17976,76.27536,2.737292,4.952239,0.06121081
"2017-11-15 09:00:00",32996,619.826,599.71,0,28.13,25.807,71.789,58.136,2195.535,20.44937,19.08695,26.82882,65.13216,3.368749,6.098707,0.1090831
"2017-11-15 10:00:00",32997,600.9219,599.8077,0,30.189,27.798,59.397,50.683,2857.548,19.54377,17.93313,28.57141,55.56342,3.335208,7.937632,0.1433432
"2017-11-15 11:00:00",32998,620.1649,599.768,0,31.32,28.701,53.784,45.915,3403.892,19.2666,17.87491,30.37007,48.77823,2.69375,9.455256,0.1440981
"2017-11-15 12:00:00",32999,620.4823,599.7161,0,32.598,30.66,47.269,41.461,3462.689,18.81599,17.42405,31.79112,43.8364,2.719723,9.61858,0.1630004
"2017-11-15 13:00:00",33000,620.1801,599.7833,0,34.716,31.208,45.025,36.169,3425.046,18.20865,16.56634,32.78515,39.61005,2.936944,9.514017,0.1896999
"2017-11-15 14:00:00",33001,620.2869,599.8565,0,34.882,32.318,39.498,32.667,3341.937,17.81537,15.64265,33.39079,36.31415,2.757917,9.283157,0.1912263
"2017-11-15 15:00:00",33002,620.6075,599.7741,0,36.082,32.828,36.076,30.524,3334.315,17.12771,15.42107,34.11521,34.04371,2.204097,9.261988,0.1652149
"2017-11-15 16:00:00",33003,620.1038,599.6856,0,36.111,33.167,34.724,30.056,3300.557,16.60957,14.5582,34.26469,32.33303,2.143958,9.168214,0.165646
"2017-11-15 17:00:00",33004,620.0947,599.765,0,34.786,32.108,45.317,30.833,3251.42,18.97255,14.67067,32.82402,40.50074,2.687084,9.031721,0.1732886
"2017-11-15 18:00:00",33005,620.2747,599.7833,0,32.367,30.34,49.296,45.307,3063.279,19.29132,18.51601,31.23336,47.77446,2.812917,8.509109,0.1539878
"2017-11-15 19:00:00",33006,620.7753,599.8687,0,30.35,28.708,55.423,49.229,2899.254,18.94657,18.47227,29.47825,52.22141,2.581458,8.053483,0.09128516
"2017-11-15 20:00:00",33007,620.3511,599.7711,0,28.728,26.878,63.21,55.454,2487.906,19.31282,18.94208,27.79266,59.1227,2.664165,6.910851,0.07574875
"2017-11-15 21:00:00",33008,620.5189,599.7222,0,26.878,25.615,69.988,63.21,2034.863,19.78108,19.28629,26.19964,66.57402,2.2225,5.652397,0.0528937
"2017-11-15 22:00:00",33009,600.9249,599.9329,0,25.626,24.906,73.426,69.894,1695.947,19.98202,19.71956,25.19672,72.2212,1.448542,4.710964,0.03235416
"2017-11-15 23:00:00",33010,620.2564,599.7497,0,24.896,24.434,75.98,72.992,1571.538,19.99169,19.64873,24.68915,73.99619,1.182847,4.365384,0.02596515
"2017-11-16 00:00:00",33011,620.4243,599.7253,0,24.472,23.972,80.006,75.836,1411.976,20.34819,19.92746,24.22221,78.03005,1.141667,3.922156,0.02124383
"2017-11-16 01:00:00",33012,620.348,599.7558,0,23.993,23.43,82.648,80,1321.394,20.38052,20.28337,23.67924,81.46273,0.6353471,3.67054,0.01176212
"2017-11-16 02:00:00",33013,620.2625,599.7802,0,23.552,22.83,84.617,82.234,1310.854,20.38149,20.10136,23.25092,83.19027,0.3492362,3.641262,0.007051295
"2017-11-16 03:00:00",33014,620.2747,599.8748,0,23.191,22.46,85.386,76.24,1385.34,20.14197,18.7514,22.74503,82.70736,0.2214583,3.848168,0.005387203
"2017-11-16 04:00:00",33015,600.9127,599.765,0,23.35,22.78,76.566,73.316,1444.635,18.77158,18.11287,23.09688,74.55717,0.5445139,4.012876,0.01380389
"2017-11-16 05:00:00",33016,600.0916,599.7924,0,23.02,21.807,79.777,74.031,1521.422,18.27875,18.06205,22.35644,77.0865,0.09465276,4.226171,0.004111346
"2017-11-16 07:00:00",33017,600.8669,599.9054,0,23.652,23.01,78.72,77.314,380.9375,19.53995,19.12523,23.31691,78.06339,0.5177777,4.232638,0.003622459
"2017-11-16 08:00:00",33018,620.2381,599.826,0,26.748,23.592,77.867,64.941,1851.608,20.18403,19.29711,25.14032,72.1355,1.771458,5.143354,0.05012257
"2017-11-16 09:00:00",33019,620.403,599.7955,0,28.56,26.418,65.14,54.888,2640.925,19.8636,18.53643,27.55698,60.07794,1.942431,7.335902,0.08114232
"2017-11-16 10:00:00",33020,600.9371,599.8107,0,30.75,28.118,55.863,46.443,3260.011,18.68705,17.52952,29.16023,51.45509,2.367499,9.055588,0.1199719
"2017-11-16 11:00:00",33021,600.9341,599.8412,0,32.296,29.541,49.291,41.216,3548.684,18.90745,16.96919,30.8193,45.92223,1.868959,9.857454,0.1128874
"2017-11-16 12:00:00",33022,620.3877,599.8107,0,33.107,29.83,49.093,38.789,3500.416,18.63122,16.99472,31.74652,43.03782,2.080555,9.723378,0.1317807
"2017-11-16 13:00:00",33023,600.9493,599.8321,0,33.616,31.659,43.988,37.157,3458.418,18.41014,16.85762,32.82783,39.93179,1.937986,9.606717,0.1327346
"2017-11-16 14:00:00",33024,620.3969,599.8229,0,34.704,33.068,39.127,34.265,3382.412,18.31048,16.30188,34.14596,36.31783,1.525556,9.395588,0.116338
"2017-11-16 15:00:00",33025,620.3358,599.768,0,35.433,33.337,36.93,32.263,3281.276,17.62459,16.03592,34.42282,34.64352,1.769653,9.114655,0.1359515
"2017-11-16 16:00:00",33026,600.9219,599.826,0,35.183,33.865,36.527,32.134,3227.792,17.07313,15.54815,34.51732,33.32859,1.239653,8.96609,0.1016561
"2017-11-16 17:00:00",33027,600.9493,599.8962,0,33.947,33.277,35.015,33.63,3217.143,16.04473,15.31341,33.52708,34.20459,1.035347,8.936508,0.0847007
"2017-11-16 18:00:00",33028,620.2381,599.7955,0,33.526,32.428,35.935,33.337,3226.272,15.72379,15.00937,33.04678,34.60068,1.089444,8.961866,0.08741315
"2017-11-16 19:00:00",33029,620.4609,599.7955,0,32.449,29.779,54.175,35.902,3166.59,19.55487,15.11939,31.51319,39.7817,0.8213893,8.796084,0.05271106
"2017-11-16 20:00:00",33030,620.5953,599.7924,0,29.76,27.239,64.679,54.234,2544.199,20.10668,19.54136,28.4576,59.80527,2.41625,7.067219,0.07166552
"2017-11-16 21:00:00",33031,620.6166,599.7924,0,27.227,25.976,68.852,64.705,2008.577,20.03457,19.71121,26.59985,66.48965,1.884305,5.579381,0.04829176
"2017-11-16 22:00:00",33032,620.1801,599.7955,0,25.976,24.966,75.382,68.85,1672.578,20.34647,19.79736,25.44752,71.73953,1.905277,4.646049,0.0396819
"2017-11-16 23:00:00",33033,620.3511,599.7497,0,24.974,24.414,82.722,75.41,1345.362,21.36029,20.31901,24.60581,80.05875,1.653888,3.737116,0.0251161
"2017-11-17 00:00:00",33034,620.2747,599.8351,0,24.514,24.362,83.686,82.636,1252.959,21.5267,21.26147,24.43538,83.09696,1.320208,3.480442,0.01836675
"2017-11-17 01:00:00",33035,620.29,599.8138,0,24.504,24.382,83.548,82.836,1295.927,21.52572,21.36,24.45546,83.22733,1.978958,3.599797,0.02371931
"2017-11-17 02:00:00",33036,620.2778,599.7344,0,24.594,24.404,83.23,79.691,1432.42,21.43995,20.81803,24.4777,81.96545,1.971945,3.978943,0.02548151
"2017-11-17 03:00:00",33037,620.2625,599.7131,0,24.535,24.064,80.23,79.188,1431.331,20.84252,20.44971,24.33047,79.70094,2.005695,3.975919,0.02868875
"2017-11-17 04:00:00",33038,600.9463,599.8107,0,24.083,23.441,82.508,80.22,1408.894,20.51352,20.28454,23.76663,81.26413,2.061805,3.913594,0.02653666
"2017-11-17 05:00:00",33039,620.2503,599.7344,0,23.812,22.97,84.074,78.064,1439.395,20.33901,19.66926,23.29617,81.90686,1.898611,3.998319,0.02408797
"2017-11-17 07:00:00",33040,619.8596,599.9146,0,24.073,23.893,76.938,76.105,125.9456,19.67399,19.60258,23.9917,76.5666,1.634166,4.198186,0.00310215
"2017-11-17 08:00:00",33041,620.113,599.9329,0,25.246,24.064,76.16,70.77,1606.278,19.78368,19.52129,24.73917,73.26196,2.235764,4.461883,0.05734131
"2017-11-17 09:00:00",33042,620.0336,599.7802,0,27.068,25.146,71.398,63.855,1734.97,19.7578,19.40512,25.91637,68.03931,1.709305,4.81936,0.05591984
"2017-11-17 10:00:00",33043,620.2991,599.7344,0,28.259,26.688,64.238,58.613,2111.246,19.81093,19.1328,27.48704,61.35703,1.772084,5.864571,0.07182721
"2017-11-17 11:00:00",33044,620.2869,599.765,0,31.22,27.7,59.705,48.873,2829.135,20.24437,18.84984,29.05992,55.55415,1.641041,7.858708,0.08049051
"2017-11-17 12:00:00",33045,620.3969,599.8138,0,32.658,30.16,54.044,43.666,3616.775,20.51309,17.79613,31.5,47.25938,1.977152,10.0466,0.1171366
"2017-11-17 13:00:00",33046,620.2534,599.7283,0,33.906,30.93,46.625,37,3493.906,19.15049,16.89294,32.43939,42.36259,1.979514,9.705296,0.1292296
"2017-11-17 14:00:00",33047,619.9664,599.7314,0,33.896,31.82,42.185,37.08,3253.203,18.49513,16.62468,32.83641,39.86165,1.5825,9.036675,0.1112637
"2017-11-17 15:00:00",33048,620.3267,599.8718,0,34.556,32.386,40.412,34.259,3248.814,17.83726,16.13359,33.28983,37.41883,1.264028,9.024483,0.09578757
"2017-11-17 16:00:00",33049,620.0549,599.7802,0,34.005,32.539,39.322,34.884,3203.088,17.24904,16.04343,33.2451,36.72752,1.248751,8.897467,0.09559607
"2017-11-17 17:00:00",33050,600.9371,599.7924,0,32.998,31.768,41.175,36.529,3116.016,17.38346,16.01439,32.3097,38.96306,0.749236,8.655601,0.05893886
"2017-11-17 18:00:00",33051,620.5067,599.9603,0,31.97,30.951,41.507,39.153,3018.538,17.15188,16.06953,31.57301,40.31533,0.4820139,8.384828,0.03981869
"2017-11-17 19:00:00",33052,620.058,599.7405,0,31.01,29.01,57.419,40.324,2976.933,19.77638,15.71997,30.23401,43.05199,0.4711806,8.269258,0.03134153
"2017-11-17 20:00:00",33053,601.0195,599.7131,0,29,26.658,67.104,57.378,2165.756,20.26107,19.68856,27.57865,63.8778,2.198403,6.015988,0.05909645
"2017-11-17 21:00:00",33054,620.3969,599.7375,0,26.668,25.455,73.218,67.128,1704.747,20.39079,20.03831,26.06904,69.9066,1.422708,4.735408,0.03531205
"2017-11-17 22:00:00",33055,620.232,599.71,0,25.447,24.523,79.691,73.242,1392.185,20.81123,20.30007,24.93052,77.01076,1.816388,3.86718,0.03089151
"2017-11-17 23:00:00",33056,620.29,599.8565,0,24.514,24.022,84.136,79.684,1270.401,21.24398,20.77966,24.21662,82.17968,1.146111,3.528893,0.01742754
"2017-11-18 00:00:00",33057,620.2991,599.7375,0,24.054,23.922,85.762,84.07,1282.817,21.43997,21.18128,23.98582,85.10984,0.9869443,3.563382,0.01328228
"2017-11-18 01:00:00",33058,620.0916,599.7466,0,23.964,23.742,86.117,85.31,1451.542,21.43919,21.23675,23.86307,85.70745,1.238264,4.032063,0.01501598
"2017-11-18 02:00:00",33059,620.2869,599.8168,0,23.842,23.361,87.766,85.43,1515.653,21.33165,21.16773,23.59505,86.60342,0.5002083,4.210146,0.007779088
"2017-11-18 03:00:00",33060,620.2869,599.8077,0,23.43,23.141,88.47,87.52,1538.421,21.27905,21.0995,23.26181,88.02985,0.3527778,4.273392,0.005760263
"2017-11-18 04:00:00",33061,600.8792,599.7802,0,23.141,22.86,89.938,87.625,1573.271,21.22414,20.92949,22.98164,89.11842,0.1277778,4.370198,0.003379964
"2017-11-18 05:00:00",33062,600.8761,599.8199,0,23.302,22.8,88.5,85.892,1616.354,20.93006,20.71908,23.0528,87.13656,0.9009719,4.489872,0.01102354
"2017-11-18 07:00:00",33063,600.9005,599.7222,0,24.314,23.222,89.004,81.689,1104.58,21.37202,20.93923,23.63576,85.79596,1.77246,5.906847,0.01402703
"2017-11-18 08:00:00",33064,620.2381,599.7955,0,25.968,24.054,81.996,72.281,1897.758,21.15887,20.09143,24.82074,77.39417,2.669306,5.27155,0.05708147
"2017-11-18 09:00:00",33065,600.9524,599.8107,0,28.249,25.724,71.992,59.242,2055.849,20.67314,19.25726,26.58946,66.49358,2.605138,5.71069,0.08471614
"2017-11-18 10:00:00",33066,619.8413,599.7375,0,29.439,26.976,64.449,55.322,2584.758,20.00795,19.15707,28.03077,60.2044,2.708541,7.179883,0.1072837
"2017-11-18 11:00:00",33067,600.9524,599.7497,0,29.68,27.798,59.65,53.269,2797.114,19.80244,18.98734,28.85548,56.34295,2.357014,7.76976,0.1066254
"2017-11-18 12:00:00",33068,620.3113,599.7497,0,31.768,29.279,54.849,46.105,3321.211,19.84919,18.3256,30.57753,50.2054,2.31125,9.225585,0.1238352
"2017-11-18 13:00:00",33069,620.4731,599.7344,0,33.347,30.5,51.171,42.21,3454.306,19.90885,17.90126,31.98007,45.42878,1.862221,9.595293,0.1155727
"2017-11-18 14:00:00",33070,620.1618,599.7253,0,34.626,31.02,47.207,37.4,3357.958,19.72822,17.8552,32.95484,42.12108,1.852431,9.327661,0.1233498
"2017-11-18 15:00:00",33071,620.525,599.9237,0,34.576,32.468,43.099,36.503,3262.902,19.2259,16.97311,33.36428,39.31317,1.380625,9.063618,0.1005927
"2017-11-18 16:00:00",33072,620.5128,599.8718,0,35.314,32.108,40.333,34.21,3255.524,17.97353,16.65114,33.97253,36.89125,1.525139,9.043122,0.114754
"2017-11-18 17:00:00",33073,620.6166,599.9054,0,34.306,33.017,37.258,35.23,3219.946,17.56984,16.30247,33.67979,36.26189,1.354861,8.944293,0.1039968
"2017-11-18 18:00:00",33074,620.3969,599.8565,0,33.017,31.798,39.449,36.869,3155.082,16.63375,15.91012,32.39677,37.96611,0.9974309,8.764117,0.0763361
"2017-11-18 19:00:00",33075,620.1496,599.7344,0,31.81,29.451,57.234,39.345,3018.247,20.13165,16.23015,30.76236,45.52374,1.315139,8.384019,0.06756508
"2017-11-18 20:00:00",33076,620.6075,599.7222,0,29.439,27.278,66.789,57.197,2313.634,20.59841,20.07648,28.36645,61.56324,2.259443,6.426761,0.06544563
"2017-11-18 21:00:00",33077,620.5006,599.765,0,27.278,25.576,75.684,66.789,1737.236,21.0105,20.58035,26.38783,71.58482,1.965487,4.825655,0.04187914
"2017-11-18 22:00:00",33078,620.5464,599.7955,0,25.566,24.484,80.8,75.672,1383.3,21.18928,20.9434,24.91988,79.07271,1.621805,3.842499,0.02622529
"2017-11-18 23:00:00",33079,620.3236,599.7222,0,24.472,23.903,85.537,80.792,1223.053,21.38865,20.95775,24.14035,83.54873,1.657499,3.397368,0.02059625
"2017-11-19 00:00:00",33080,620.2808,599.9329,0,23.912,23.742,86.752,85.52,1270.425,21.5095,21.30004,23.80276,86.26906,1.260208,3.528959,0.01447098
"2017-11-19 01:00:00",33081,620.1954,599.7344,0,23.872,23.692,86.968,86.354,1468.747,21.48247,21.38082,23.76245,86.72384,0.9761805,4.079853,0.01200794
"2017-11-19 02:00:00",33082,620.1893,599.7039,0,24.012,23.802,86.457,84.762,1518.29,21.44167,21.23522,23.94381,85.44117,1.392014,4.217473,0.01656696
"2017-11-19 03:00:00",33083,620.3083,599.7344,0,23.952,23.302,86.312,84.695,1495.996,21.26173,20.87219,23.66652,85.31773,0.4799999,4.155546,0.008121734
"2017-11-19 04:00:00",33084,620.2503,599.7955,0,23.472,22.77,87.246,85.426,1465.39,20.97292,20.4933,23.15086,86.26958,0.6284724,4.070528,0.009076921
"2017-11-19 05:00:00",33085,620.2869,599.7222,0,22.99,22.268,89.191,86.449,1472.659,20.6778,20.31978,22.57602,87.84505,0.1607639,4.090721,0.003760687
"2017-11-19 07:00:00",33086,600.8761,599.9176,0,22.94,22.83,87.476,86.664,99.45213,20.70374,20.58492,22.892,87.07719,0.3925,4.972606,0.0004776535
"2017-11-19 08:00:00",33087,600.9127,599.7497,0,24.695,22.91,86.672,77.464,1853.661,20.74083,20.30071,23.86734,81.50752,1.712638,5.149059,0.03280736
"2017-11-19 09:00:00",33088,620.1313,599.7497,0,27.098,24.394,78.41,65.453,2014.261,20.7553,19.56782,25.49274,72.81673,2.702293,5.59517,0.06980373
"2017-11-19 10:00:00",33089,620.3022,599.8107,0,29.75,26.337,67.199,50.203,2923.607,20.18833,17.92171,28.35333,57.98791,2.825416,8.12113,0.1183683
"2017-11-19 11:00:00",33090,620.2015,599.7375,0,32.527,29.119,53.361,40.601,3504.928,19.06145,17.19697,30.79515,46.34506,2.74625,9.735912,0.1544942
"2017-11-19 12:00:00",33091,620.1862,599.7497,0,33.328,31.548,44.345,38.148,3501.857,18.51652,16.50696,32.38361,40.75945,2.392985,9.72738,0.1557139
"2017-11-19 13:00:00",33092,620.406,599.768,0,34.626,32.348,41.54,34.448,3445.353,18.72029,16.2589,33.47394,37.77513,2.174584,9.570424,0.1530838
"2017-11-19 14:00:00",33093,620.0671,599.829,0,35.423,33.906,37.586,31.496,3397.457,18.20301,15.40301,34.60868,34.21929,2.344654,9.437381,0.1753424
"2017-11-19 15:00:00",33094,620.4976,599.765,0,36.271,33.865,34.966,27.68,3321.036,16.91323,14.38806,35.10683,31.69353,1.875347,9.225101,0.1507824
"2017-11-19 16:00:00",33095,620.0671,599.7894,0,36.35,34.786,30.863,27.289,3264.877,15.80659,14.2975,35.58472,29.10919,1.597569,9.069102,0.1366091
"2017-11-19 17:00:00",33096,620.3236,599.7772,0,35.103,33.636,31.9,28.936,3286.574,15.59873,13.75761,34.37658,30.1309,1.812917,9.129373,0.1478603
"2017-11-19 18:00:00",33097,620.1801,599.7558,0,33.698,31.678,41.005,30.174,3342.317,16.85424,13.60268,32.84483,35.4357,2.001528,9.284215,0.1459276
"2017-11-19 19:00:00",33098,620.4854,599.7955,0,31.688,29.82,46.664,40.968,3221.075,17.27749,16.76627,30.79197,43.65626,1.78507,8.947431,0.08724866
"2017-11-19 20:00:00",33099,620.2473,599.7344,0,29.798,27.338,59.734,46.724,2859.594,18.86755,17.19198,28.4994,53.64788,2.40382,7.943316,0.08240276
"2017-11-19 21:00:00",33100,620.4213,599.7192,0,27.358,25.976,68.918,59.761,2225.137,19.88609,18.8361,26.66168,64.01604,2.152779,6.180936,0.05661445
"2017-11-19 22:00:00",33101,620.5281,599.765,0,25.997,24.815,79.318,69.035,1604.938,21.02625,19.87493,25.32092,75.43021,1.964027,4.45816,0.03518183
"2017-11-19 23:00:00",33102,620.2625,599.7558,0,24.835,24.334,84.676,79.35,1275.71,21.62364,21.00694,24.59149,82.3018,1.68875,3.543639,0.02267242
"2017-11-20 00:00:00",33103,620.2137,599.7955,0,24.472,24.334,84.701,83.894,1185.175,21.70403,21.49249,24.40597,84.3802,2.143819,3.292154,0.02314387
"2017-11-20 01:00:00",33104,620.2869,599.7894,0,24.394,24.112,85.718,84.449,1340.487,21.69465,21.54849,24.30101,84.96431,1.594515,3.723576,0.01864488
"2017-11-20 02:00:00",33105,620.2045,599.9207,0,24.292,24.073,85.691,84.052,1444.834,21.60075,21.23749,24.20256,84.6752,1.395555,4.013428,0.01745201
"2017-11-20 03:00:00",33106,620.0183,599.8412,0,24.093,23.964,86.08,84.111,1453.167,21.5482,21.23295,24.02242,84.94007,1.529306,4.036574,0.01812989
"2017-11-20 04:00:00",33107,620.2778,599.7375,0,24.064,23.632,86.504,85.607,1489.815,21.64832,21.21619,23.94073,86.11217,0.9115968,4.138374,0.01200223
"2017-11-20 05:00:00",33108,620.2625,599.7497,0,23.832,23.582,87.218,85.949,1487.542,21.44427,21.22602,23.68344,86.67042,1.054723,4.13206,0.01267257
"2017-11-20 06:00:00",33109,600.9066,599.7497,0,23.802,23.191,90.789,86.121,1584.059,21.68349,21.35397,23.41839,89.43283,1.419167,4.400164,0.01245101
"2017-11-20 08:00:00",33110,620.0855,599.7802,0,25.255,24.504,80.576,72.824,1321.689,20.99601,20.03416,24.81979,76.47436,2.022972,4.465165,0.03850481
"2017-11-20 09:00:00",33111,619.8871,599.7802,0,28.97,25.224,72.941,55.425,2082.465,20.27852,18.62514,26.84682,64.80439,2.619305,5.784625,0.08971538
"2017-11-20 10:00:00",33112,620.2198,599.7619,0,29.59,28.009,57.99,52.968,2905.054,19.73919,18.61671,28.85361,55.50975,2.852293,8.069595,0.1272459
"2017-11-20 11:00:00",33113,620.1649,599.8718,0,32.258,28.619,57.141,46.169,3333.829,20.28796,18.94142,30.27405,52.45214,2.379862,9.260635,0.1208224
"2017-11-20 12:00:00",33114,620.1557,599.8229,0,33.794,31.26,50.449,42.931,3500.422,20.84077,19.08543,32.52654,46.5108,1.917222,9.723395,0.1174135
"2017-11-20 13:00:00",33115,620.522,599.7466,0,35.333,33.097,45.761,37.992,3477.016,20.09788,18.30392,33.99112,41.73047,2.187222,9.658377,0.1458064
"2017-11-20 14:00:00",33116,620.2534,599.7497,0,36.011,33.417,41.982,35.314,3385.044,19.89195,18.1517,35.03612,38.22994,1.749167,9.402902,0.1289793
"2017-11-20 15:00:00",33117,620.1984,599.7375,0,36.8,34.994,37.042,31.2,3312.121,18.88752,16.75165,35.91019,34.21285,1.509514,9.200335,0.1217745
"2017-11-20 16:00:00",33118,620.2381,599.765,0,37.447,34.745,33.679,29.066,3249.593,17.16454,15.78937,36.13628,31.20167,1.560209,9.026646,0.1310406
"2017-11-20 17:00:00",33119,620.0427,599.7527,0,36.759,34.704,33.737,30.16,3250.609,16.95044,15.22624,35.30736,31.77022,1.1875,9.02947,0.1012219
"2017-11-20 18:00:00",33120,620.3846,599.829,0,35.103,33.667,39.474,30.31,3250.344,18.03142,14.84043,34.34954,32.15725,0.7509028,9.028734,0.06703536
"2017-11-20 19:00:00",33121,620.3602,599.8107,0,33.628,29.18,55.171,39.419,2995.62,19.63597,17.83962,30.52441,51.59647,2.72361,8.321167,0.0985416
"2017-11-20 20:00:00",33122,620.4823,599.8932,0,29.189,27.168,67.254,55.17,2410.601,20.60058,19.28145,28.21368,61.13135,2.307709,6.696114,0.06683249
"2017-11-20 21:00:00",33123,620.6533,599.7497,0,27.178,25.634,74.486,67.283,1802.738,20.81186,20.5953,26.3541,71.22306,2.258404,5.007607,0.04626494
"2017-11-20 22:00:00",33124,620.4304,599.7344,0,25.634,24.674,80.41,74.516,1447.566,21.12893,20.72452,25.02855,77.7654,2.119514,4.021016,0.03309887
"2017-11-20 23:00:00",33125,620.5098,599.7344,0,24.684,24.375,82.541,80.363,1239.44,21.24576,21.01488,24.53225,81.26954,2.217848,3.442888,0.02826156
"2017-11-21 00:00:00",33126,620.3602,599.7772,0,24.445,24.202,83.836,82.43,1223.106,21.35207,21.21862,24.33636,82.96172,1.860833,3.397517,0.02303944
"2017-11-21 01:00:00",33127,620.1221,599.7558,0,24.243,23.872,84.77,83.512,1324.278,21.34539,21.1412,24.10184,84.12821,1.536042,3.67855,0.01902345
"2017-11-21 02:00:00",33128,619.884,599.7985,0,23.893,23.542,85.75,84.684,1417.43,21.20354,20.95776,23.6913,85.32491,1.945972,3.937306,0.02030167
"2017-11-21 03:00:00",33129,620.2259,599.7955,0,23.562,23.06,86.754,85.48,1475.333,21.03265,20.67592,23.32095,85.91587,0.8797919,4.098148,0.01167173
"2017-11-21 04:00:00",33130,620.2534,599.7497,0,23.201,22.82,87.285,86.066,1503.971,20.88049,20.51839,23.05563,86.77255,1.423959,4.177698,0.01501387
"2017-11-21 05:00:00",33131,620.2259,599.7344,0,22.99,22.609,87.51,84.875,1540.842,20.63053,20.28754,22.83098,86.39492,1.269792,4.280116,0.01426742
"2017-11-21 06:00:00",33132,619.8596,599.8412,0,23.1,22.689,85.008,84.25,1563.771,20.37482,20.03268,22.94006,84.66822,2.01132,4.343808,0.02117435
"2017-11-21 07:00:00",33133,620.2289,599.826,0,24.022,22.699,84.762,77.371,1583.248,20.15998,19.81686,23.27593,81.65893,1.702848,4.397912,0.03152283
"2017-11-21 08:00:00",33134,620.0671,599.7619,0,26.578,24.012,77.542,64.042,1829.924,20.04487,19.12114,25.39614,70.37438,2.674583,5.083122,0.07459591
"2017-11-21 09:00:00",33135,600.9219,599.7497,0,29.369,26.476,64.449,51.71,2613.42,19.35439,18.31172,27.94338,57.61107,2.079167,7.2595,0.09145391
"2017-11-21 10:00:00",33136,620.1526,599.7497,0,30.91,28.76,54.703,45.13,3304.575,18.99674,17.38329,29.71927,49.73249,2.030416,9.179376,0.1103309
"2017-11-21 11:00:00",33137,620.3877,599.7009,0,32.777,30.029,47.669,39.154,3480.813,18.43361,16.52837,31.40549,43.14741,1.979097,9.668924,0.1253041
"2017-11-21 12:00:00",33138,620.5708,599.7863,0,33.587,31.65,42.376,35.478,3480.835,17.68579,15.64965,32.61392,38.26106,2.339097,9.668986,0.159466
"2017-11-21 13:00:00",33139,620.2656,599.7344,0,34.964,33.087,39.006,33.181,3437.604,17.93124,15.97081,34.05552,35.41582,1.772569,9.5489,0.134196
"2017-11-21 14:00:00",33140,620.403,599.768,0,36.322,33.698,38.294,31.656,3377.219,17.60173,16.0531,35.01424,34.01914,1.720208,9.381164,0.1352461
"2017-11-21 15:00:00",33141,620.5464,599.7039,0,36.51,34.724,36.218,30.822,3299.725,17.86053,16.26678,35.7958,32.66366,1.756666,9.165904,0.1418802
"2017-11-21 16:00:00",33142,620.2137,599.7589,0,36.691,35.702,32.855,29.25,3249.502,17.11338,15.70356,36.1659,31.10089,2.00118,9.026394,0.1633141
"2017-11-21 17:00:00",33143,620.0244,599.8412,0,36.251,34.665,32.703,29.754,3269.276,16.40224,15.40198,35.17932,31.74153,1.260138,9.081321,0.1064923
"2017-11-21 18:00:00",33144,600.9463,599.7344,0,34.914,33.577,34.65,32.224,3292.847,16.18146,15.79082,34.3491,33.35476,1.430696,9.146797,0.1149851
"2017-11-21 19:00:00",33145,620.4457,599.7802,0,33.787,28.798,64.207,34.048,2978.264,21.40027,15.70011,31.12876,51.96509,2.610624,8.272955,0.09686995
"2017-11-21 20:00:00",33146,620.3144,599.7802,0,28.77,27.088,70.195,64.261,2091.861,21.41323,21.12525,27.84207,67.51077,2.832014,5.810726,0.06261849
"2017-11-21 21:00:00",33147,620.2686,599.7344,0,27.107,25.788,74.988,69.906,1700.089,21.21936,20.84951,26.38305,72.1042,2.454446,4.722469,0.04718053
"2017-11-21 22:00:00",33148,620.3113,599.8718,0,25.807,25.126,80.304,74.93,1428.238,21.54583,21.01272,25.39378,77.58414,2.121181,3.967329,0.0337342
"2017-11-21 23:00:00",33149,620.2289,599.7497,0,25.474,25.126,80.72,79.91,1260.69,21.80564,21.51649,25.28617,80.36381,2.186667,3.501915,0.03003621
"2017-11-22 00:00:00",33150,620.3052,599.7711,0,25.544,25.436,80.115,79.062,1272.093,21.81619,21.63508,25.48479,79.66332,2.211041,3.53359,0.03147807
"2017-11-22 01:00:00",33151,620.2259,599.8412,0,25.525,25.406,79.734,77.602,1346.448,21.73356,21.25822,25.46058,78.81083,2.156528,3.740132,0.0322859
"2017-11-22 02:00:00",33152,620.2747,599.7192,0,25.506,25.316,78.058,77.438,1420.23,21.32934,21.15736,25.40793,77.77664,2.193125,3.945083,0.03415459
"2017-11-22 03:00:00",33153,619.9512,599.7375,0,25.376,25.236,78.777,77.058,1436.025,21.3322,21.04682,25.31575,77.60148,2.067153,3.988958,0.03310354
"2017-11-22 04:00:00",33154,600.9341,599.8565,0,25.265,25.056,80.24,78.836,1435.73,21.47636,21.32235,25.1227,79.72884,1.676041,3.988139,0.02619062
"2017-11-22 05:00:00",33155,620.1893,599.7375,0,25.126,24.864,80.539,79.436,1453.226,21.44526,21.26746,25.03029,80.0321,1.26375,4.036739,0.02133716
"2017-11-22 06:00:00",33156,620.2839,599.7772,0,24.884,24.112,82.738,80.464,1455.877,21.45415,20.58762,24.5428,81.38652,1.33257,4.044104,0.02045609
"2017-11-22 08:00:00",33157,600.2259,599.71,0,25.036,24.884,77.402,76.348,493.9771,20.71392,20.54815,24.96474,76.78523,1.834957,4.186246,0.01391849
"2017-11-22 09:00:00",33158,620.058,599.826,0,25.997,24.966,76.668,71.527,1606.314,20.6457,20.35661,25.4452,74.0497,1.808472,4.461984,0.04758294
"2017-11-22 10:00:00",33159,620.0458,599.826,0,26.726,25.827,72.195,68.042,1784.584,20.62203,20.11759,26.30757,69.92756,2.020417,4.957179,0.06127986
"2017-11-22 11:00:00",33160,619.8962,599.8443,0,29.1,26.498,68.613,57.881,2133.689,20.84208,19.76575,27.7919,63.89823,1.131667,5.926915,0.04660998
"2017-11-22 12:00:00",33161,620.3328,599.6856,0,31.888,28.85,59.869,48.484,3088.541,20.69714,19.38387,30.35146,53.82758,1.826736,8.57928,0.0939229
"2017-11-22 13:00:00",33162,620.2747,599.8138,0,33.058,29.951,53.251,44.541,3459.026,20.92701,18.94873,31.82341,48.20839,2.213541,9.608405,0.1270134
"2017-11-22 14:00:00",33163,620.232,599.8412,0,34.425,32.328,46.699,40.694,3357.579,20.37023,18.75144,33.23804,43.79751,1.896042,9.326608,0.1229523
"2017-11-22 15:00:00",33164,619.9237,599.7802,0,35.173,32.867,43.806,37.897,3260.386,19.96876,18.22427,33.79721,41.31037,1.99986,9.056627,0.1350807
"2017-11-22 16:00:00",33165,620.4213,599.7222,0,35.694,32.998,43.305,36.006,3263.662,19.20508,18.01211,34.60563,38.83144,1.847153,9.065727,0.1328426
"2017-11-22 17:00:00",33166,620.3999,599.7344,0,35.445,31.909,44.283,36.045,3159.842,18.78508,17.65302,33.33052,40.82608,2.291667,8.777338,0.1516588
"2017-11-22 18:00:00",33167,620.4548,599.7344,0,31.909,30.02,47.861,44.076,2993.723,18.31959,17.72464,30.85668,46.39353,2.525001,8.315898,0.1430976
"2017-11-22 19:00:00",33168,620.2381,599.765,0,30.029,28.29,53.455,47.725,2769.135,18.04181,17.54619,29.12831,50.37332,2.339236,7.692042,0.08805574
"2017-11-22 20:00:00",33169,620.4121,599.6887,0,28.31,26.828,60.894,53.136,2362.129,18.68204,17.83595,27.54823,57.43091,2.302363,6.56147,0.07145643
"2017-11-22 21:00:00",33170,620.29,599.7344,0,26.818,25.788,66.648,60.919,1967.848,19.16314,18.62243,26.27486,63.82879,1.871458,5.466246,0.05123987
"2017-11-22 22:00:00",33171,620.1893,599.8046,0,25.788,25.036,71.008,66.68,1673.673,19.47283,19.1134,25.42239,68.92282,1.579028,4.649091,0.03839683
"2017-11-22 23:00:00",33172,620.2778,599.7711,0,25.066,24.484,76.781,71.006,1540.17,20.23054,19.42964,24.74586,73.36321,1.148889,4.278251,0.02602763
"2017-11-23 00:00:00",33173,620.2595,599.7344,0,24.554,23.893,82.785,76.722,1292.989,20.86859,20.20251,24.17157,80.42602,1.444028,3.591636,0.02225182
"2017-11-23 01:00:00",33174,620.3358,599.826,0,24.012,23.602,86.648,82.752,1269.943,21.35552,20.83615,23.84068,84.70618,0.849375,3.527621,0.01220538
"2017-11-23 02:00:00",33175,620.2991,599.7344,0,23.912,23.652,87.542,86.375,1411.898,21.64564,21.31399,23.80284,87.00278,0.5950001,3.921939,0.008441588
"2017-11-23 03:00:00",33176,600.0244,600.0244,0,23.522,23.522,89.046,89.046,4.536023,21.62877,21.62877,23.522,89.046,0,4.536023,0.09465182
"2017-11-23 07:00:00",33177,600.8792,599.8412,0,25.036,23.502,92.441,84.598,907.4527,22.48363,22.14153,24.41056,88.10385,0,5.533248,0.002136599
"2017-11-23 08:00:00",33178,619.9329,599.7344,0,25.988,24.684,85.292,76.836,1812.891,22.2592,21.50075,25.33194,81.25599,1.936318,5.035809,0.03760803
"2017-11-23 09:00:00",33179,620.3694,599.7955,0,28.49,25.817,77.408,64.279,1965.284,22.07463,20.70702,27.04358,71.42337,2.305208,5.459123,0.0664476
"2017-11-23 10:00:00",33180,620.4091,599.7344,0,30.13,27.348,68.076,56.554,2421.707,21.26014,19.77271,28.51097,62.52242,2.651668,6.726964,0.1002691
"2017-11-23 11:00:00",33181,620.0671,599.7833,0,31.138,29.119,58.671,50.904,2883.65,20.8098,19.35184,30.05859,55.19959,2.67882,8.01014,0.1245491
"2017-11-23 12:00:00",33182,620.5555,599.7344,0,33.136,30.228,54.185,44.686,3417.742,20.73267,18.91141,31.8623,48.10944,2.465209,9.493728,0.1393039
"2017-11-23 13:00:00",33183,620.2015,599.7619,0,34.984,32.277,47.096,37.697,3429.512,19.98654,18.04818,33.46454,42.28037,2.260695,9.526423,0.1472639
"2017-11-23 14:00:00",33184,620.3877,599.7497,0,35.433,33.437,41.384,35.5,3530.213,19.58633,17.20203,34.44827,38.00077,2.482499,9.806149,0.1738117
"2017-11-23 15:00:00",33185,620.3724,599.765,0,36.123,33.706,38.125,33.796,12302.11,19.04227,17.20237,34.99825,36.05249,2.508542,34.17253,0.2007184
"2017-11-23 16:00:00",33186,620.5433,599.7009,0,35.97,33.277,40.916,34.164,11305.66,18.8539,17.1818,34.73784,37.40393,2.67625,31.40461,0.2041277
"2017-11-23 17:00:00",33187,620.5647,599.7344,0,34.835,32.048,46.349,38.57,10298.56,19.44061,18.13904,33.0881,43.25856,2.68132,28.6071,0.1803834
"2017-11-23 18:00:00",33188,620.5922,599.7436,0,32.617,30.138,52.736,45.68,5183.542,20.05704,19.34049,31.16269,50.57797,2.590417,14.39873,0.1403934
"2017-11-23 19:00:00",33189,620.5433,599.7375,0,30.15,28.451,56.711,52.273,2330.622,19.36896,18.97821,29.30764,54.26341,2.343404,6.47395,0.08148357
"2017-11-23 20:00:00",33190,620.6044,599.7344,0,28.458,27.669,60.777,56.798,1898.955,19.44514,19.05109,28.0231,59.13121,1.679514,5.274876,0.05618989
"2017-11-23 21:00:00",33191,600.9768,599.7619,0,27.669,26.648,66.804,60.746,1752.22,20.02764,19.40889,27.19484,63.80792,2.132361,4.867277,0.05710169
"2017-11-23 22:00:00",33192,600.928,599.7375,0,26.699,25.447,76.758,66.738,1636.757,21.09226,19.94927,26.07272,71.36968,2.424167,4.546548,0.04751991
"2017-11-23 23:00:00",33193,620.3267,599.7497,0,25.436,25.024,83.029,76.808,2043.598,21.99842,21.06626,25.15438,81.02024,2.298193,5.67666,0.03040844
"2017-11-24 00:00:00",33194,620.1496,599.765,0,25.175,24.896,84.466,83.027,2709.519,22.24209,21.98739,25.02537,83.93266,2.041805,7.526441,0.02469733
"2017-11-24 01:00:00",33195,620.2961,599.8871,0,25.196,24.854,84.742,82.742,3167.404,22.26425,21.89825,25.02962,83.5819,2.314028,8.798344,0.02735561
"2017-11-24 08:00:00",33196,619.6093,599.7344,0,27.068,24.594,88.672,78.09,5388.279,23.46177,22.55816,25.94184,83.23866,1.433731,16.08441,0.0324943
"2017-11-24 09:00:00",33197,620.2137,599.7253,0,27.81,26.116,81.359,72.546,5536.423,22.96939,22.06246,27.0552,75.9006,2.236042,15.37895,0.06209008
"2017-11-24 10:00:00",33198,619.8871,599.8718,0,30.228,27.278,74.992,60.867,4127.637,22.8195,21.40977,28.28526,68.51818,2.290209,11.46566,0.07840379
"2017-11-24 11:00:00",33199,620.061,599.765,0,31.509,27.888,70.342,54.656,4339.23,22.52886,21.18697,29.43118,63.82772,2.394444,12.05342,0.09450976
"2017-11-24 12:00:00",33200,620.2381,599.765,0,31.16,28.88,63.353,55.656,3499.483,21.60467,20.59087,29.58284,60.24331,3.185695,9.720785,0.128028
"2017-11-24 13:00:00",33201,620.293,599.7344,0,31.08,28.57,62.785,51.351,3806.218,21.01454,19.76848,29.55016,58.09206,2.669585,10.57283,0.1171943
"2017-11-24 14:00:00",33202,620.3907,599.7802,0,33.487,31.119,52.628,45.298,6933.463,20.91693,19.19234,32.25877,48.15268,2.362639,19.25962,0.1424247
"2017-11-24 15:00:00",33203,620.3846,599.7344,0,33.896,32,48.527,43.201,7518.082,20.29104,19.16223,32.80096,45.95071,2.077708,20.88356,0.1358778
"2017-11-24 16:00:00",33204,620.3144,599.7344,0,34.345,32.117,46.575,41.144,7524.822,20.21716,18.77533,33.00201,44.15494,2.350834,20.90228,0.1548466
"2017-11-24 17:00:00",33205,600.9646,599.7344,0,33.128,31.09,48.807,43.193,5375.346,19.5517,18.54479,31.91445,46.46762,2.204376,14.93152,0.1347107
"2017-11-24 18:00:00",33206,620.3174,599.765,0,31.24,29.91,52.427,48.303,2641.759,19.42558,19.03196,30.57586,50.77583,2.243612,7.33822,0.118127
"2017-11-24 19:00:00",33207,620.5067,599.71,0,29.91,28.07,60.436,51.515,1857.273,19.71239,18.48486,29.04497,54.41982,2.295833,5.159091,0.07917585
"2017-11-24 20:00:00",33208,620.3083,599.8535,0,28.06,26.738,65.908,60.434,1496.106,19.93107,19.69921,27.28622,63.8093,2.563542,4.155849,0.06401686
"2017-11-24 21:00:00",33209,600.9463,599.7802,0,26.758,25.666,73.08,65.938,1390.997,20.63508,19.86191,26.22502,70.16717,2.405833,3.863881,0.04928193
"2017-11-24 22:00:00",33210,620.2625,599.7894,0,25.697,25.014,75.564,72.344,1561.577,20.52611,20.14634,25.3728,73.29546,1.703055,4.337714,0.03478274
"2017-11-24 23:00:00",33211,620.2289,599.826,0,25.094,24.644,81.539,75.66,1901.01,21.39773,20.45436,24.79461,78.96686,1.087014,5.280584,0.0204476
"2017-11-25 00:00:00",33212,615.4518,599.8412,0,24.754,24.434,84.25,81.476,2376.027,21.65672,21.35588,24.62772,83.00728,1.635486,6.600075,0.02229055
"2017-11-25 01:00:00",33213,600.9158,599.8199,0,24.574,24.375,85.078,83.566,3193.876,21.75475,21.57533,24.46714,84.38169,1.994722,8.871879,0.02372759
"2017-11-25 02:00:00",33214,620.2534,599.7253,0,24.404,24.112,85.605,84.371,3574.693,21.74501,21.42018,24.26075,85.0761,1.398403,9.929702,0.01887779
"2017-11-25 03:00:00",33215,620.2534,599.7344,0,24.453,24.083,85.082,81.98,3883.128,21.52039,21.16389,24.22418,84.12159,1.387083,10.78647,0.0200279
"2017-11-25 08:00:00",33216,600.8853,599.7344,0,26.848,24.754,79.59,64.179,4233.204,21.12203,19.47187,25.95798,71.10522,2.609376,15.11858,0.06115182
"2017-11-25 09:00:00",33217,601.0806,599.7833,0,28.92,26.738,65.246,56.734,4660.165,19.90182,18.9733,27.67376,60.83212,2.99507,12.9449,0.117632
"2017-11-25 10:00:00",33218,620.2869,599.765,0,30.24,27.858,60.783,51.449,4545.537,19.91757,18.72222,28.89507,56.09456,3.085417,12.62649,0.1371418
"2017-11-25 11:00:00",33219,620.3633,599.7344,0,31.201,29.07,54.78,48.818,4949.19,19.81057,18.84742,30.03966,52.21302,2.405071,13.74775,0.1251146
"2017-11-25 12:00:00",33220,620.1771,599.7497,0,32.296,29.791,52.703,45.41,5508.649,19.72256,18.69733,30.8636,49.49334,2.53486,15.3018,0.1406299
"2017-11-25 13:00:00",33221,620.1832,599.7985,0,34.224,31.1,48.44,39.555,6633.752,19.58129,18.00963,32.25169,44.98497,1.899236,18.42709,0.1255744
"2017-11-25 14:00:00",33222,600.9432,599.7466,0,34.665,32.1,45.685,38.162,10149.01,19.48731,17.95872,33.7625,40.4658,2.109583,28.1917,0.1577814
"2017-11-25 15:00:00",33223,620.3663,599.707,0,35.673,32.998,42.951,35.796,11878.07,19.14291,17.53098,34.23613,38.53408,1.740139,32.99465,0.144518
"2017-11-25 16:00:00",33224,620.4701,599.7955,0,35.644,33.277,40.013,34.605,11045.2,19.02147,17.05614,34.34771,37.28441,1.352639,30.68111,0.1204007
"2017-11-25 17:00:00",33225,620.3052,599.7497,0,34.806,33.167,38.908,33.952,10067.84,17.71405,16.40427,33.95206,36.60647,1.452361,27.96623,0.1251803
"2017-11-25 18:00:00",33226,600.9982,599.7344,0,33.826,31.32,49.525,35.407,6535.768,19.55284,16.29488,32.72848,42.57136,1.784515,18.15491,0.1248479
"2017-11-25 19:00:00",33227,620.0244,599.7497,0,31.359,28.451,63.565,49.49,2035.833,20.95425,19.52409,29.58748,59.00889,2.99875,5.655093,0.08567682
"2017-11-25 20:00:00",33228,620.6044,599.7589,0,28.458,26.678,67.984,63.532,1697.838,20.89919,20.26343,27.57411,65.58874,2.552778,4.716218,0.0614636
"2017-11-25 21:00:00",33229,620.3113,599.8412,0,26.678,25.756,70.878,67.953,1835.492,20.30443,19.99995,26.15894,69.34274,2.063612,5.098588,0.04625067
"2017-11-25 22:00:00",33230,620.29,599.7527,0,25.756,24.934,73.3,70.302,1845.927,20.09578,19.72187,25.3443,71.69583,0.9683336,5.127573,0.02500477
"2017-11-25 23:00:00",33231,620.2778,599.7497,0,25.024,24.523,77.646,73.07,2066.165,20.40323,19.8567,24.75568,75.12505,0.6565972,5.739347,0.01676518
"2017-11-26 00:00:00",33232,620.2747,599.7589,0,24.554,23.862,83.298,77.529,2531.401,20.93956,20.31318,24.22858,80.30338,0.6368751,7.031669,0.01376954
"2017-11-26 01:00:00",33233,620.2778,599.765,0,23.852,23.632,87.008,83.296,2832.039,21.3982,20.83143,23.71773,85.47961,0.4740278,7.866775,0.009346317
"2017-11-26 02:00:00",33234,620.2015,599.7344,0,23.692,23.522,88.73,86.949,3147.157,21.65049,21.35197,23.59731,88.05748,1.041945,8.742102,0.01287885
"2017-11-26 03:00:00",33235,620.3174,599.7497,0,23.582,23.35,89.296,88.078,3750.658,21.62941,21.30598,23.43968,88.77072,0.9590976,10.41849,0.01226004
"2017-11-26 04:00:00",33236,619.9084,599.71,0,23.411,22.89,89.138,87.638,3871.473,21.38753,20.85724,23.12924,88.57664,0.4822917,10.75409,0.009033062
"2017-11-26 07:00:00",33237,600.9127,599.9176,0,23.312,23.09,82.792,81.168,660.6613,20.0488,19.89876,23.21023,82.04333,0.06181818,12.01202,0.001578707
"2017-11-26 08:00:00",33238,620.0794,599.7558,0,25.936,23.292,81.348,67.492,4719.112,20.05515,19.18513,24.68179,73.43248,1.268194,13.10864,0.04173463
"2017-11-26 09:00:00",33239,620.29,599.8412,0,28.541,25.917,67.554,55.986,4752.928,19.63436,18.63918,27.2877,61.56852,1.756597,13.20258,0.07581905
"2017-11-26 10:00:00",33240,620.0183,599.7955,0,29.92,27.88,57.761,48.291,4771.796,19.29079,17.22739,29.06008,52.00534,1.988195,13.25499,0.1054674
"2017-11-26 11:00:00",33241,620.1618,599.7497,0,31.888,28.92,50.187,41.578,6898.558,18.38569,16.97488,30.58271,45.90078,2.748334,19.16266,0.1618342
"2017-11-26 12:00:00",33242,620.2747,599.765,0,33.046,31.08,43.466,35.496,9789.647,17.80144,15.24603,32.15599,39.46277,2.176528,27.19346,0.1590083
"2017-11-26 13:00:00",33243,620.1832,599.7497,0,34.556,32.468,37.843,31.012,12898.2,17.06471,14.83417,33.51659,34.69749,1.936805,35.82834,0.1651546
"2017-11-26 14:00:00",33244,620.3724,599.7344,0,35.702,33.724,35.942,29.521,13400.79,17.08268,14.4465,34.43665,32.12971,1.690416,37.22443,0.1572614
"2017-11-26 15:00:00",33245,620.4701,599.7497,0,35.962,34.095,34.324,29.609,12527.57,16.53978,14.6817,35.13041,31.07058,1.688958,34.79879,0.1588723
"2017-11-26 16:00:00",33246,620.3419,599.7253,0,36.43,34.246,31.699,28.252,11818.63,16.30949,14.58655,35.58681,29.73258,1.283056,32.82952,0.1307768
"2017-11-26 17:00:00",33247,620.3144,599.7802,0,36.491,33.794,31.776,27.857,11098.83,15.93229,14.36226,35.38688,29.4238,1.236319,30.8301,0.1257507
"2017-11-26 18:00:00",33248,620.3785,599.7344,0,33.826,31.868,43.154,30.876,10513.17,17.83954,14.07734,33.19282,34.10135,1.135764,29.20325,0.09644333
"2017-11-26 19:00:00",33249,620.1038,599.7558,0,31.858,29.42,50.439,43.184,6883.6,18.10544,17.80666,30.39765,47.26019,2.452363,19.12111,0.1031633
"2017-11-26 20:00:00",33250,620.2808,599.7344,0,29.439,27.79,60.705,50.439,2790.748,19.53818,18.07883,28.72034,55.0177,2.181319,7.752077,0.07568672
"2017-11-26 21:00:00",33251,620.2137,599.7497,0,27.79,26.598,65.91,60.732,1737.684,19.7732,19.51439,27.18868,63.56314,1.893333,4.8269,0.05317088
"2017-11-26 22:00:00",33252,620.3846,599.7436,0,26.578,25.384,74.554,65.938,1626.428,20.57725,19.70826,25.89073,70.19608,2.040209,4.517856,0.04416812
"2017-11-26 23:00:00",33253,620.29,599.7466,0,25.396,24.594,80.504,74.554,1649.556,21.05962,20.41296,25.00424,77.31708,1.412361,4.582101,0.02609364
"2017-11-27 00:00:00",33254,620.2503,599.7497,0,24.594,24.073,86.023,80.504,2067.496,21.6596,21.00912,24.36139,83.52405,1.01618,5.743045,0.01570199
"2017-11-27 01:00:00",33255,620.1923,599.7344,0,24.102,23.712,88.873,85.957,2648.371,21.81461,21.58496,23.90196,87.54404,0.914097,7.356585,0.01200725
"2017-11-27 02:00:00",33256,620.2747,599.7497,0,23.732,23.171,91.1,88.871,3087.634,21.86536,21.63928,23.47574,90.05519,0.5299304,8.576761,0.007999362
"2017-11-27 03:00:00",33257,600.8608,599.7802,0,23.232,22.96,91.974,91.092,3621.735,21.76605,21.55371,23.10969,91.52705,0.9320139,10.06037,0.009819879
"2017-11-27 04:00:00",33258,620.3113,599.8718,0,22.97,22.64,92.726,91.91,4208.005,21.61423,21.40494,22.79784,92.38671,0.4079167,11.6889,0.007321744
"2017-11-27 05:00:00",33259,620.3113,599.7436,0,22.8,22.118,92.898,91.048,4443.558,21.43531,20.91179,22.56417,91.9758,0.3799305,12.34322,0.007529886
"2017-11-27 08:00:00",33260,620.0794,599.7527,0,26.707,24.154,78.75,63,3480.088,20.61837,19.05898,25.88561,69.5592,1.226956,15.13082,0.03042386
"2017-11-27 09:00:00",33261,620.464,599.7497,0,29.369,26.648,63.47,53.729,4856.377,19.46181,18.70791,27.93081,58.63374,2.290416,13.48994,0.101125
"2017-11-27 10:00:00",33262,620.3358,599.7375,0,31.02,28.798,56.039,46.666,5628.819,19.22222,18.01845,29.78203,50.72373,2.543333,15.63561,0.1353087
"2017-11-27 11:00:00",33263,620.1649,599.6978,0,32.338,30.291,49.351,42.955,8087.861,18.83012,17.58994,31.15028,45.98813,2.507361,22.46628,0.1542378
"2017-11-27 12:00:00",33264,620.4213,599.765,0,33.517,31.829,45.705,39.292,10138.32,19.04496,17.32577,32.66231,41.97445,2.400139,28.16199,0.1673929
"2017-11-27 13:00:00",33265,620.2167,599.7527,0,34.755,32.688,42.629,36.851,11875.97,18.69164,17.35857,33.70831,39.28645,2.50868,32.9888,0.1870576
"2017-11-27 14:00:00",33266,620.467,599.765,0,35.333,32.699,41.23,35.353,12336.32,19.03163,17.42424,34.2873,38.24618,2.588194,34.26756,0.1972458
"2017-11-27 15:00:00",33267,620.4426,599.7497,0,35.931,33.806,38.85,34.109,11779.73,18.81588,17.32401,34.87329,36.52579,2.661111,32.72147,0.2071922
"2017-11-27 16:00:00",33268,620.4457,599.8412,0,35.742,33.318,42.347,34.179,10871.37,19.12882,17.16657,34.66807,37.2542,2.493335,30.19824,0.192489
"2017-11-27 17:00:00",33269,620.7875,599.826,0,34.815,32.546,45.099,37.863,10023.88,19.58024,18.18416,33.57732,42.11398,2.466807,27.84412,0.173002
"2017-11-27 18:00:00",33270,620.5311,599.6856,0,32.738,30.939,49.052,44.179,5840.235,19.41238,18.88412,31.80305,46.92472,2.494861,16.22287,0.1484948
"2017-11-27 19:00:00",33271,620.757,599.7955,0,30.939,29.32,55.51,48.875,2596.14,19.52889,18.77323,30.12255,51.44426,2.424723,7.211499,0.09054389
"2017-11-27 20:00:00",33272,620.3724,599.7344,0,29.34,27.688,64.203,55.447,1767.092,20.37699,19.5104,28.37249,61.07817,2.498333,4.908588,0.07012607
"2017-11-27 21:00:00",33273,620.348,599.8412,0,27.7,26.116,75.258,64.236,1534.106,21.4218,20.33428,26.92131,69.38073,2.349513,4.261405,0.05099924
"2017-11-27 22:00:00",33274,620.3969,599.8046,0,26.116,25.236,80.328,75.285,1817.486,21.63547,21.37986,25.6498,77.80838,2.311458,5.048573,0.03577036
"2017-11-27 23:00:00",33275,620.348,599.7497,0,25.224,24.815,82.75,80.322,2451.432,21.71446,21.57661,24.9837,81.62806,1.858749,6.809535,0.02618788
"2017-11-28 00:00:00",33276,619.9817,599.826,0,24.844,24.654,84.078,82.722,3089.613,21.83784,21.64247,24.73855,83.4034,2.003888,8.582258,0.02524073
"2017-11-28 01:00:00",33277,620.2778,599.7436,0,24.754,24.453,85.268,83.066,3585.958,21.90972,21.65336,24.58085,84.42127,1.907153,9.960995,0.02347735
"2017-11-28 02:00:00",33278,620.2411,599.7497,0,24.674,24.424,85.714,84.546,4088.155,21.96024,21.84304,24.54445,85.12007,1.569653,11.35599,0.02066658
"2017-11-28 03:00:00",33279,620.3236,599.7497,0,24.484,24.243,87.01,85.546,4381.89,22.00006,21.7898,24.34501,86.19363,1.446458,12.17192,0.01875418
"2017-11-28 04:00:00",33280,619.9237,599.8718,0,24.375,23.852,87.23,85.408,4291.006,21.81788,21.38329,24.07136,86.28191,1.334236,11.91946,0.01768545
"2017-11-28 05:00:00",33281,620.2137,599.8382,0,24.093,23.502,86.025,80.82,4324.793,21.41584,20.53361,23.81953,82.65569,1.936736,12.01332,0.02598796
"2017-11-28 06:00:00",33282,600.0244,599.9573,0,23.171,23.1,83.844,83.68,207.0468,20.27546,20.22801,23.13656,83.77956,0,11.5026,0.0003249242
"2017-11-28 08:00:00",33283,600.9707,599.7955,0,27.188,25.056,74.922,65.898,3350.634,20.66415,20.14257,26.19199,70.5042,2.072026,14.7605,0.04265914
"2017-11-28 09:00:00",33284,620.1069,599.8412,0,29.15,26.796,67.506,57.001,4727.825,20.65884,19.44741,27.99677,62.76867,2.292152,13.13285,0.09190723
"2017-11-28 10:00:00",33285,620.2503,599.7344,0,30.72,28.798,57.317,49.731,4860.376,19.87303,18.85874,29.696,53.70505,2.539999,13.50104,0.1259586
"2017-11-28 11:00:00",33286,601.1569,599.7497,0,32.218,29.869,51.387,43.322,6189.27,19.20292,18.04716,30.96812,47.70469,2.737014,17.19242,0.156121
"2017-11-28 12:00:00",33287,620.3633,599.7344,0,33.497,30.939,46.589,39.746,8098.8,19.03917,17.85511,32.57111,42.92618,2.625139,22.49667,0.1723469
"2017-11-28 13:00:00",33288,620.2808,599.7344,0,35.453,32.837,44.376,36.285,10470.8,19.59725,17.40796,33.8893,39.4226,2.339028,29.08555,0.1745794
"2017-11-28 14:00:00",33289,620.4274,599.6734,0,35.404,32.796,40.97,34.662,10934.22,19.12465,16.8991,34.02813,37.7206,2.074028,30.37283,0.1642578
"2017-11-28 15:00:00",33290,620.7418,599.7405,0,36.011,34.005,37.009,32.531,11025.42,18.40335,16.55567,35.19407,34.47245,1.97875,30.62617,0.1686304
"2017-11-28 16:00:00",33291,620.1221,599.7894,0,36.391,33.417,36.576,30.336,10008.44,17.41675,16.10307,34.90454,33.8022,1.670069,27.80123,0.1463955
"2017-11-28 17:00:00",33292,619.939,599.7131,0,35.791,33.698,36.521,32.195,9295.269,17.26248,15.50064,34.58595,34.24578,1.41868,25.82019,0.1262164
"2017-11-28 18:00:00",33293,620.2045,599.7375,0,34.306,31.54,46.02,35.191,7898.94,18.59311,16.65565,32.87671,40.79192,2.240626,21.9415,0.1568684
"2017-11-28 19:00:00",33294,620.2442,599.7405,0,31.56,29.26,53.879,45.984,3590.991,19.0053,18.51752,30.48031,49.59212,2.389029,9.974975,0.09477051
"2017-11-28 20:00:00",33295,620.348,599.7955,0,29.27,27.728,60.072,53.847,1825.412,19.31885,18.88105,28.4653,56.45224,2.140277,5.07059,0.0711503
"2017-11-28 21:00:00",33296,620.1435,599.7527,0,27.74,26.226,68.021,60.105,1524.667,20.24791,19.28361,26.89178,65.47058,2.401526,4.235187,0.05806495
"2017-11-28 22:00:00",33297,620.2045,599.7131,0,26.238,25.255,76.691,67.906,1471.893,20.88572,19.79094,25.73484,72.30111,2.105417,4.088591,0.0416563
"2017-11-28 23:00:00",33298,620.2808,599.7589,0,25.265,24.564,82.64,76.718,2190.926,21.46059,20.88471,24.87156,79.82656,1.590208,6.085904,0.02563645
"2017-11-29 00:00:00",33299,620.3083,599.7283,0,24.654,24.434,84.71,82.693,2800.494,21.81097,21.42995,24.52833,84.07983,1.538055,7.77915,0.02054579
"2017-11-29 01:00:00",33300,620.1984,599.7894,0,24.554,24.334,85.726,84.324,3242.006,21.88998,21.64528,24.44328,85.13955,1.598403,9.005573,0.02009748
"2017-11-29 02:00:00",33301,620.1618,599.7436,0,24.434,24.173,85.722,84.718,3711.232,21.75458,21.57093,24.28461,85.22747,2.306876,10.30898,0.02463987
"2017-11-29 03:00:00",33302,620.2045,599.8107,0,24.202,23.682,87.542,85.535,4147.736,21.68855,21.48628,23.94331,86.72595,1.488472,11.52149,0.01805347
"2017-11-29 04:00:00",33303,620.1343,599.7344,0,24.012,23.602,87.746,86.176,4256.495,21.66831,21.42976,23.77276,87.08321,1.079028,11.8236,0.01499894
"2017-11-29 05:00:00",33304,619.9329,599.7497,0,23.984,23.742,88.496,86.832,4450.718,21.78475,21.63032,23.7936,88.0635,1.367847,12.3631,0.01610144
"2017-11-29 07:00:00",33305,600.873,599.8412,0,24.604,24.263,86.199,84.598,902.9011,21.99409,21.74559,24.43973,85.52993,1.06627,14.33176,0.004363773
"2017-11-29 08:00:00",33306,619.8718,599.7772,0,26.266,24.445,85.125,75.754,5265.119,22.03395,21.50347,25.17134,81.49731,1.305555,14.62533,0.03390221
"2017-11-29 09:00:00",33307,620.0458,599.7955,0,27.888,26.157,75.664,67.168,4916.067,21.93739,20.98003,26.83036,71.98,2.260555,13.65574,0.06949075
"2017-11-29 10:00:00",33308,620.3633,599.768,0,29.208,27.148,70.552,61.39,4360.306,21.66065,20.64297,28.25079,64.92697,2.381945,12.11196,0.08950283
"2017-11-29 11:00:00",33309,620.5189,599.765,0,29.16,27.868,65.726,59.66,3253.258,21.29328,20.27008,28.58984,62.28997,2.263957,9.036828,0.09027913
"2017-11-29 12:00:00",33310,620.2991,599.7497,0,31,28.77,61.345,52.896,3459.04,21.14302,19.96786,29.95894,57.01414,1.810348,9.608443,0.08738196
"2017-11-29 13:00:00",33311,620.5677,599.7741,0,33.606,30.728,55.271,45.303,4584.944,21.47636,19.61107,32.06888,50.11002,1.585139,12.73596,0.09529235
"2017-11-29 14:00:00",33312,620.2076,599.7405,0,34.675,31.63,52.363,41.908,4319.739,21.71088,19.42806,32.69671,46.96571,1.738193,11.99928,0.1092029
"2017-11-29 15:00:00",33313,620.4396,599.6734,0,35.203,33.558,45.878,39.759,6852.187,20.9408,19.10101,34.34536,42.3558,2.109653,19.03385,0.1478677
"2017-11-29 16:00:00",33314,620.9036,599.8107,0,35.195,32.758,45.016,38.951,5578.394,20.22456,18.59324,33.9235,42.11657,1.559861,15.49554,0.1128286
"2017-11-29 17:00:00",33315,620.5098,599.7802,0,34.496,32.277,47.067,40.419,5100.826,19.82454,18.96522,33.54101,43.25654,2.23882,14.16896,0.147366
"2017-11-29 18:00:00",33316,600.9432,599.7344,0,32.438,31.119,50.923,45.328,2239.905,19.82848,19.05689,32.04684,47.46441,1.594306,6.221959,0.09533348
"2017-11-29 19:00:00",33317,620.5555,599.7955,0,31.109,29.15,58.103,50.983,1617.314,20.25251,19.75352,30.2131,54.75386,2.242361,4.492539,0.07973402
"2017-11-29 20:00:00",33318,620.6746,599.884,0,29.138,27.409,64.347,58.101,1475.628,20.14028,19.83949,28.1999,61.09014,2.368262,4.098968,0.06722704
"2017-11-29 21:00:00",33319,620.3969,599.7405,0,27.438,26.106,69.865,64.375,1319.696,20.38848,20.09268,26.74515,67.61974,1.772569,3.665822,0.04449334
"2017-11-29 22:00:00",33320,620.2534,599.7436,0,26.116,25.146,74.742,68.834,1326.539,20.36277,19.88908,25.67435,71.28629,1.744028,3.684831,0.03801483
"2017-11-29 23:00:00",33321,620.2045,599.7924,0,25.216,24.414,84.474,74.773,1627.547,21.68145,20.37913,24.74924,79.82575,1.57,4.520965,0.02487773
"2017-11-30 00:00:00",33322,620.3602,599.765,0,24.554,24.445,85.652,84.449,2472.375,21.96024,21.68145,24.50223,85.24249,2.165694,6.867707,0.02307676
"2017-11-30 01:00:00",33323,620.1618,599.8596,0,24.584,24.253,86.287,84.886,3188.867,21.98705,21.77301,24.46301,85.5337,2.281042,8.857965,0.0238066
"2017-11-30 02:00:00",33324,620.1588,599.7497,0,24.334,23.972,87.615,85.898,3705.764,21.8758,21.72692,24.16372,86.64937,2.22118,10.29379,0.02203142
"2017-11-30 03:00:00",33325,600.9188,599.7802,0,24.042,23.852,89.078,87.449,4271.401,22.02794,21.80648,23.94448,88.32291,1.651667,11.865,0.01727619
"2017-11-30 04:00:00",33326,620.2137,599.7344,0,24.073,23.922,88.791,87.957,4516.636,22.03352,21.89799,23.99367,88.40524,1.523403,12.54621,0.01673905
"2017-11-30 05:00:00",33327,600.9005,599.765,0,24.012,23.232,92.066,88.334,4717.799,22.00105,21.8456,23.56833,90.48364,1.184861,13.105,0.0129551
"2017-11-30 07:00:00",33328,620.0305,599.8321,0,24.815,23.932,90.926,86.57,1686.216,22.47359,22.24414,24.34655,88.72303,0.5870535,15.0555,0.005514455
"2017-11-30 08:00:00",33329,620.1374,599.8718,0,26.136,24.835,86.468,78.57,5476.193,22.68168,21.83202,25.39741,82.64944,2.045417,15.21165,0.04350443
"2017-11-30 09:00:00",33330,620.1771,599.826,0,28.779,25.426,81.57,63.482,5116.931,22.21486,20.82087,26.81089,74.06913,2.489445,14.2137,0.07013513
"2017-11-30 10:00:00",33331,620.1923,599.8229,0,31.06,27.239,68.726,52.621,4927.523,21.67739,20.10262,29.11689,61.11723,2.811458,13.68756,0.1150837
"2017-11-30 11:00:00",33332,620.5708,599.8412,0,32.796,28.888,60.345,48.035,4393.178,21.03909,18.95513,30.70325,53.40309,2.706737,12.20327,0.1350116
"2017-11-30 12:00:00",33333,620.4335,599.707,0,32.628,30.298,55.412,46.999,4625.547,20.91864,19.21518,31.30535,50.90554,2.152083,12.84874,0.1192658
"2017-11-30 13:00:00",33334,620.2656,599.8718,0,34.576,31.4,51.245,43.58,6058.88,21.22416,19.62761,32.70805,47.97098,1.86868,16.83022,0.1176476
"2017-11-30 14:00:00",33335,620.2167,599.7497,0,35.624,31.99,49.994,40.566,7182.53,21.40149,19.85574,33.86328,45.26757,2.253125,19.95147,0.1483847
"2017-11-30 15:00:00",33336,620.4182,599.6978,0,35.742,32.357,49.515,38.435,7958.425,20.69377,19.11757,34.41027,42.69663,2.368681,22.10674,0.1640713
"2017-11-30 16:00:00",33337,620.4243,599.8107,0,34.972,32.218,46.441,39.253,6677.46,19.81643,18.89194,33.84418,42.56586,2.876735,18.5485,0.1876185
"2017-11-30 17:00:00",33338,620.4091,599.9329,0,34.146,31.618,50.675,42.953,3302.686,20.43352,19.08116,32.48775,47.81722,2.784583,9.174128,0.1566001
"2017-11-30 18:00:00",33339,620.2991,599.765,0,31.72,29.9,55.75,50.343,1754.486,20.26288,19.91707,30.80154,52.84378,2.873125,4.873571,0.1383966
"2017-11-30 19:00:00",33340,620.6288,599.8107,0,29.9,28.108,61.963,55.75,1394.451,20.33596,20.07777,28.92832,59.19138,2.682083,3.873476,0.07772321
"2017-11-30 20:00:00",33341,619.9268,599.8718,0,28.138,26.838,66.744,61.934,1282.624,20.21755,20.06503,27.48718,64.23633,2.84375,3.562845,0.06758155
"2017-11-30 21:00:00",33342,620.2411,599.8138,0,26.848,25.666,75.523,66.71,1344.986,21.06316,20.12669,26.21232,70.99469,2.546665,3.736071,0.04956262
"2017-11-30 22:00:00",33343,620.3206,599.826,0,25.666,25.056,79.464,75.49,1784.808,21.35399,21.01246,25.35794,77.84121,2.314445,4.957799,0.03540028
"2017-11-30 23:00:00",33344,619.884,599.8229,0,25.094,24.554,83.408,79.408,2281.274,21.63094,21.2945,24.76571,82.06991,1.873195,6.336871,0.02542925
