"TOA5","CR200Series","CR200X","No_SN","CR200X.Std.02","estacaoAtual.CR2","15733","Table1"
"TIMESTAMP","RECORD","BP_mbar_Max","BP_mbar_Min","Rain_mm_Tot","AirTC_Max","AirTC_Min","RH_Max","RH_Min","SlrkJ_Tot","TdC_Max","TdC_Min","AirTC_Avg","RH_Avg","WS_ms_Avg","SlrkJ_Avg","ETo"
"TS","RN","mbar","mbar","mm","Deg C","Deg C","%","%","kJ/m^2","Deg C","Deg C","Deg C","%","meters/sec","kJ/m^2",""
"","","Max","Min","Tot","Max","Min","Max","Min","Tot","Max","Min","Avg","Avg","Avg","Avg","ETo"
"2015-12-01 00:00:00",19951,600.403,600.0214,0,25.216,24.854,90.438,88.449,0.2838829,23.26958,23.15493,25.06479,89.41178,2.01125,0.0007885637,0.01484025
"2015-12-01 01:00:00",19952,600.4426,599.9603,0,24.896,24.472,92.031,90.441,0.1503358,23.25118,23.05464,24.6466,91.2866,1.738264,0.0004175996,0.0109853
"2015-12-01 02:00:00",19953,600.4579,599.9664,0,24.664,24.284,92.596,91.449,0.2098597,23.19618,23.00682,24.50448,91.87347,0.789722,0.0005829437,0.005723635
"2015-12-01 03:00:00",19954,600.4182,600.0519,0,24.284,24.054,94.008,92.594,0.1823872,23.08021,22.96458,24.12667,93.42832,1.591041,0.0005066311,0.007737197
"2015-12-01 04:00:00",19955,600.4121,600.0061,0,24.083,23.732,95.132,93.945,0.1907815,23.08835,22.88241,23.92565,94.46294,1.603957,0.0005299487,0.006550197
"2015-12-01 05:00:00",19956,600.4213,599.9939,0,23.772,23.502,95.93,95.08,0.223596,22.97535,22.8131,23.63295,95.55492,1.698126,0.0006211001,0.005456381
"2015-12-01 06:00:00",19957,600.4792,600.0183,0,23.542,23.281,96.566,95.871,12.11768,22.88249,22.70243,23.40782,96.17154,1.303472,0.03366023,0.003952094
"2015-12-01 07:00:00",19958,600.4731,599.9817,0,26.077,23.302,96.542,86.855,417.1866,23.94259,22.72385,24.3425,93.66941,2.007222,1.158852,0.01273793
"2015-12-01 08:00:00",19959,600.4823,600.0183,0,28.178,25.976,87.228,73.188,1130.803,23.92905,22.77135,27.20081,80.39822,4.2925,3.14112,0.07472064
"2015-12-01 09:00:00",19960,600.403,600.0153,0,29.92,27.72,75.605,64.535,1517.277,23.50216,22.18491,28.60321,71.46354,4.880831,4.214659,0.1236945
"2015-12-01 10:00:00",19961,600.4854,599.9451,0,32.308,29.02,67.371,52.74,2289.63,23.01501,21.21455,30.64375,60.18069,4.960831,6.360082,0.1833493
"2015-12-01 11:00:00",19962,600.4792,600.0854,0,32.847,31.01,56.681,50.954,2525.553,22.16293,20.65673,32.03202,53.78287,5.261665,7.015426,0.2293576
"2015-12-01 12:00:00",19963,600.403,599.9817,0,34.634,32.01,51.563,44.189,2860.647,21.25613,19.987,33.16648,48.0485,5.477083,7.946243,0.272539
"2015-12-01 13:00:00",19964,600.3969,599.9268,0,34.665,32.789,48.696,43.304,3059.169,21.37796,19.99057,33.86198,45.6438,5.769999,8.497691,0.3014252
"2015-12-01 14:00:00",19965,600.3969,599.8962,0,34.537,32.937,50.783,44.044,2823.291,21.78986,20.29868,33.7806,47.51041,5.650835,7.842474,0.2856702
"2015-12-01 15:00:00",19966,600.3602,600.0824,0,33.845,32.508,53.761,47.541,2435.417,22.13201,21.08924,33.16574,50.50844,5.58896,6.765046,0.2632113
"2015-12-01 16:00:00",19967,600.4091,599.9329,0,32.886,31.38,55.46,51.283,1769.249,21.72965,21.0217,32.04042,53.27642,6.025207,4.91458,0.2559169
"2015-12-01 17:00:00",19968,600.3419,599.9573,0,31.888,30.369,56.079,53.13,990.8135,21.59361,20.52122,31.2124,54.5713,6.133335,2.75226,0.2462019
"2015-12-01 18:00:00",19969,600.3846,600.0153,0,30.51,28.42,65.25,55.391,263.3036,21.33378,20.49485,29.41886,60.4788,5.460207,0.7313989,0.1869248
"2015-12-01 19:00:00",19970,600.3388,600.0549,0,28.451,27.268,71.512,65.031,1.917736,21.73603,21.2464,27.78265,68.47728,4.353751,0.005327045,0.07507732
"2015-12-01 20:00:00",19971,600.4121,599.8962,0,27.29,26.668,76.216,71.539,0.157204,22.16854,21.65891,26.96149,73.42431,3.769586,0.0004366779,0.0571227
"2015-12-01 21:00:00",19972,600.3938,599.9298,0,26.707,26.257,82.355,76.244,0.2007022,23.04555,22.16592,26.5033,79.3836,3.662083,0.0005575062,0.04298115
"2015-12-01 22:00:00",19973,600.3724,599.9237,0,26.318,25.997,84.882,82.35,0.1984128,23.29133,23.02601,26.12782,83.83823,3.053335,0.0005511466,0.03012967
"2015-12-01 23:00:00",19974,600.4548,600.0793,0,25.997,25.406,86.742,84.875,0.175519,23.3232,23.04552,25.77758,85.80598,2.473958,0.0004875528,0.02311559
"2015-12-02 00:00:00",19975,600.4823,600.0458,0,25.406,24.876,89.422,86.792,0.1526252,23.11761,23.01183,25.14572,88.14864,1.707709,0.000423959,0.01490495
"2015-12-02 01:00:00",19976,600.4243,600.0092,0,24.884,24.554,91.275,89.371,0.1862028,23.08702,22.98864,24.69756,90.40018,1.737708,0.00051723,0.01209822
"2015-12-02 02:00:00",19977,600.3969,600.0061,0,24.584,24.253,92.68,91.246,0.1808609,23.13298,22.97711,24.43733,91.91691,2.287083,0.0005023914,0.01209732
"2015-12-02 03:00:00",19978,600.3846,600.058,0,24.362,24.243,92.836,92.256,0.1831503,23.08026,22.97282,24.28897,92.59053,2.718543,0.0005087508,0.01224171
"2015-12-02 04:00:00",19979,600.3724,599.9786,0,24.554,24.334,92.373,91.478,0.1190477,23.1224,23.01188,24.45185,91.87408,2.897917,0.000330688,0.01397977
"2015-12-02 05:00:00",19980,600.4457,600.0183,0,24.494,24.182,92.816,91.636,0.1343102,23.06977,22.93796,24.30287,92.31738,2.866876,0.0003730838,0.01308047
"2015-12-02 06:00:00",19981,600.4091,600.0793,0,24.194,23.972,93.476,92.73,16.59952,22.97147,22.85958,24.07369,93.16889,2.707084,0.04610977,0.01120271
"2015-12-02 07:00:00",19982,600.4457,600.0336,0,26.206,24.073,93.273,84.855,432.9131,23.60245,22.9174,24.87769,90.31383,2.892917,1.202536,0.02565386
"2015-12-02 08:00:00",19983,600.5342,599.9817,0,28.04,26.186,85.066,75.262,1116.386,23.8778,23.16855,27.1899,80.51628,4.266251,3.101072,0.07389081
"2015-12-02 09:00:00",19984,600.5586,599.9786,0,30.81,27.909,76.152,58.254,1991.832,23.61507,21.66177,29.2938,67.02219,5.058956,5.532866,0.1496855
"2015-12-02 10:00:00",19985,600.4701,600.0519,0,32,29.978,60.611,54.171,2131.014,22.14204,21.08974,30.87259,57.84568,5.237917,5.919482,0.2029154
"2015-12-02 11:00:00",19986,600.4487,600.0153,0,33.289,31.01,57.068,45.205,2590.244,21.74855,19.83643,32.03456,51.75865,5.195626,7.195123,0.2369902
"2015-12-02 12:00:00",19987,600.4304,599.9664,0,34.376,32.178,50.8,43.429,2739.963,21.32201,19.78177,33.03152,48.1294,5.088958,7.61101,0.2559667
"2015-12-02 13:00:00",19988,600.4091,599.9542,0,34.704,32.308,53.476,44.416,2919.107,22.09134,20.05511,33.54723,48.3924,5.375209,8.10863,0.2690731
"2015-12-02 14:00:00",19989,600.3602,600.0092,0,34.933,32.857,52.277,44.582,2876.332,22.28221,20.93294,33.70155,49.4448,5.720416,7.989811,0.2775983
"2015-12-02 15:00:00",19990,600.3724,600.0244,0,34.425,32.998,51.634,46.46,2418.626,22.08792,20.98182,33.60771,49.24707,5.997708,6.718406,0.2876186
"2015-12-02 16:00:00",19991,600.3755,600.0092,0,33.628,32.199,51.886,46.371,1784.396,21.93519,19.62706,32.89345,48.82182,5.742083,4.956656,0.2749941
"2015-12-02 17:00:00",19992,600.3816,600.0336,0,32.428,30.57,56.522,47.232,999.7783,21.22506,19.69098,31.57532,51.31057,5.581044,2.777162,0.2473742
"2015-12-02 18:00:00",19993,600.3571,600,0,30.619,28.298,63.201,55.386,256.5355,21.0152,20.21367,29.46831,58.66835,4.922291,0.7125987,0.1804869
"2015-12-02 19:00:00",19994,600.3358,600.0092,0,28.31,26.988,73.363,63.32,1.393469,21.83818,20.67332,27.5812,68.02164,4.107917,0.003870748,0.07342546
"2015-12-02 20:00:00",19995,600.3571,599.9573,0,26.988,26.276,79.97,73.39,0.1587303,22.5691,21.82766,26.61487,77.16331,3.602292,0.0004409174,0.04736213
"2015-12-02 21:00:00",19996,600.351,599.9939,0,26.276,25.724,82.354,79.941,0.1953603,22.7062,22.49376,25.98797,81.6638,3.521876,0.0005426675,0.03679219
"2015-12-02 22:00:00",19997,600.3632,599.9146,0,25.756,25.466,83.71,82.113,0.1770453,22.54358,22.38282,25.61971,82.66368,3.443332,0.0004917925,0.03393871
"2015-12-02 23:00:00",19998,600.3693,599.9481,0,25.466,25.114,86.176,83.65,0.2106228,22.70531,22.49573,25.31914,84.96602,2.537707,0.0005850635,0.02449753
"2015-12-03 00:00:00",19999,600.3755,599.9847,0,25.114,24.744,89.119,86.134,0.181624,22.87692,22.62924,24.90256,87.92499,2.226041,0.0005045112,0.01794338
"2015-12-03 01:00:00",20000,600.3877,600.0549,0,24.764,24.353,90.625,89.06,0.1854397,22.86644,22.67783,24.54168,89.7785,1.866181,0.0005151102,0.01343593
"2015-12-03 02:00:00",20001,600.406,600.0122,0,24.375,24.093,91.628,90.613,0.1808609,22.77388,22.6552,24.19705,91.35485,2.02125,0.0005023914,0.0118747
"2015-12-03 03:00:00",20002,600.3846,600.0092,0,24.124,23.852,92.705,91.539,0.1999391,22.70396,22.59267,23.98785,92.11763,1.796458,0.0005553864,0.009983605
"2015-12-03 04:00:00",20003,600.3846,599.9756,0,23.872,23.441,93.871,92.666,0.2075704,22.63577,22.4065,23.64891,93.23429,1.715417,0.0005765843,0.008257707
"2015-12-03 05:00:00",20004,600.4243,600.0153,0,23.452,23.03,95.453,93.867,0.2037547,22.42999,22.21467,23.20409,94.69271,0.3845833,0.0005659853,0.00213686
"2015-12-03 06:00:00",20005,600.4365,600.0916,0,23.08,22.79,96.308,95.328,12.65263,22.31936,22.13677,22.89373,95.88326,0,0.03514621,0.0003324455
"2015-12-03 07:00:00",20006,600.467,600.0366,0,25.014,22.83,96.348,89.031,414.6865,23.26744,22.21947,23.71565,93.99131,0.9536113,1.151907,0.006772052
"2015-12-03 08:00:00",20007,600.4915,600.1526,0,27.768,25.014,89.125,75.367,1168.884,23.43792,22.80302,26.46392,81.95153,2.843612,3.246901,0.04914239
"2015-12-03 09:00:00",20008,600.4976,599.8565,0,30.32,27.368,76.604,60.474,1798.111,23.27656,21.66141,28.68803,68.71381,4.018959,4.994752,0.1170473
"2015-12-03 10:00:00",20009,600.4945,599.9664,0,31.1,29.4,64.273,53.494,1882.086,22.23426,20.45452,30.06561,59.58368,4.270833,5.228017,0.1626361
"2015-12-03 11:00:00",20010,600.4213,599.9207,0,33.207,30.51,56.49,46.938,2199.8,21.10592,19.95914,31.41903,52.61912,4.413751,6.110556,0.2014235
"2015-12-03 12:00:00",20011,600.3693,599.8718,0,33.816,31.298,52.271,46.746,2914.371,21.35788,19.87497,32.39981,49.6248,4.674375,8.095475,0.2298756
"2015-12-03 13:00:00",20012,600.4365,599.9023,0,33.996,32.136,51.968,44.843,2899.137,21.44616,19.78359,32.92236,48.01147,4.824373,8.053158,0.2456733
"2015-12-03 14:00:00",20013,600.4182,599.9939,0,34.175,32.128,50.802,45.572,2786.92,21.37595,20.40767,33.16629,48.45101,4.662711,7.741446,0.2380897
"2015-12-03 15:00:00",20014,600.3877,600.0183,0,33.628,32.041,50.726,44.525,2463.229,21.17235,18.90639,32.59729,47.57499,5.56708,6.842303,0.274387
"2015-12-03 16:00:00",20015,600.3419,599.9573,0,32.658,31.478,49.97,45.227,1787.578,19.90176,18.90052,31.98948,47.17808,5.405001,4.965495,0.2654106
"2015-12-03 17:00:00",20016,600.3358,599.8321,0,31.82,29.97,54.572,48.664,990.5613,19.97615,18.93542,30.74753,51.173,5.493331,2.751559,0.2404712
"2015-12-03 18:00:00",20017,600.3266,599.9054,0,30.06,27.65,65.943,52.734,262.7574,20.83833,19.29306,28.8364,59.77013,4.878125,0.7298815,0.171908
"2015-12-03 19:00:00",20018,600.348,600.0061,0,27.659,26.546,75.986,65.968,1.723903,21.98878,20.70938,27.01473,71.6524,4.620625,0.004788618,0.06763186
"2015-12-03 20:00:00",20019,600.3327,599.9664,0,26.568,25.936,80.502,76.01,0.1907815,22.36146,21.95996,26.2483,78.59656,3.951459,0.0005299487,0.0460024
"2015-12-03 21:00:00",20020,600.3419,599.9969,0,25.956,25.596,83.144,80.502,0.1640721,22.54238,22.30606,25.76935,81.5747,3.425625,0.0004557559,0.03614921
"2015-12-03 22:00:00",20021,600.3571,599.9298,0,25.605,25.306,85.746,83.09,0.157204,22.81985,22.51861,25.42565,84.80704,3.303749,0.0004366778,0.02890807
"2015-12-03 23:00:00",20022,600.3327,599.9908,0,25.336,25.085,85.746,84.714,0.1549147,22.6117,22.47706,25.17719,85.20618,3.190833,0.0004303185,0.02738689
"2015-12-04 00:00:00",20023,600.3602,600.0336,0,25.126,24.695,87.611,85.574,0.1282052,22.56513,22.47723,24.93015,86.42848,2.0375,0.0003561255,0.01905336
"2015-12-04 01:00:00",20024,600.3571,599.9695,0,24.716,24.273,90.113,87.609,0.1365996,22.61525,22.50532,24.48613,88.90529,1.566876,0.0003794433,0.01291734
"2015-12-04 02:00:00",20025,600.3724,600.116,0,24.263,23.672,92.264,90.046,0.248016,22.60575,22.27936,24.03615,91.21911,0.01659722,0.0006889334,0.000468269
"2015-12-04 03:00:00",20026,600.4152,600.0641,0,23.742,22.56,94.566,92.027,0.2075704,22.39994,21.63935,23.11153,93.25979,0,0.0005765843,0.0003252116
"2015-12-04 04:00:00",20027,600.4457,600.0763,0,22.57,21.888,96.652,94.613,0.2014653,21.76211,21.24459,22.23268,95.62012,0,0.0005596259,0.0003261034
"2015-12-04 05:00:00",20028,600.5952,600.3205,0,22.428,21.335,97.613,96.453,0.1549146,21.89602,20.88338,22.01764,96.94576,0,0.0004303185,0.000323809
"2015-12-04 06:00:00",20029,600.5586,600.3235,0,22.448,21.235,98.529,97.26,12.08258,22.16942,20.82312,21.68755,97.97777,0,0.03356272,0.0003368312
"2015-12-04 07:00:00",20030,600.5189,600.1374,0,24.974,22.439,98.195,89.5,405.7297,23.19507,22.1477,23.45093,94.87828,0.07777779,1.127027,0.001787322
"2015-12-04 08:00:00",20031,600.4792,600.0671,0,27.778,24.934,89.441,75.021,1158.079,23.4629,22.8068,26.50939,81.71881,2.234653,3.216887,0.04094195
"2015-12-04 09:00:00",20032,600.4823,599.9664,0,29.529,27.56,75.644,62.61,1791.83,23.13383,21.38558,28.36944,70.33035,3.328125,4.977305,0.0950143
"2015-12-04 10:00:00",20033,600.4579,599.9512,0,31.478,29.548,63.042,52.497,2759.43,22.10383,20.24635,30.42515,58.54545,3.318542,7.665084,0.1385906
"2015-12-04 11:00:00",20034,600.8792,599.8718,0,32.828,30.57,56.105,45.576,3117.273,21.18563,19.53335,31.91763,50.26891,3.582291,8.659092,0.1818178
"2015-12-04 12:00:00",20035,600.4579,599.9634,0,34.435,32.386,46.685,39.32,3353.436,19.88104,17.81656,33.2936,43.07961,3.671458,9.315101,0.2175572
"2015-12-04 13:00:00",20036,600.4213,599.8901,0,34.675,32.998,43.903,37.888,3275.27,19.49397,17.18188,33.66957,40.97164,3.818333,9.097971,0.2342578
"2015-12-04 14:00:00",20037,600.3571,599.8412,0,34.146,32.378,47.205,41.268,2998.933,20.44114,18.58544,33.29489,44.39881,4.132291,8.330368,0.2335497
"2015-12-04 15:00:00",20038,600.3144,599.826,0,33.865,31.528,52.654,40.472,2470.687,21.11852,18.06477,32.50089,48.04091,4.18625,6.863019,0.2165154
"2015-12-04 16:00:00",20039,600.3571,599.7741,0,32.386,30.4,56.248,49.49,1773.827,21.25135,19.95499,31.42106,53.23518,4.033541,4.927299,0.1841772
"2015-12-04 17:00:00",20040,600.3113,599.8382,0,30.529,28.798,66.598,54.197,975.6511,22.31309,20.13406,29.82906,61.28155,4.049168,2.710142,0.1470588
"2015-12-04 18:00:00",20041,600.3144,599.9634,0,28.779,26.949,74.208,65.472,227.5062,22.10749,21.58225,27.90908,70.03772,3.396666,0.6319618,0.09368446
"2015-12-04 19:00:00",20042,600.2869,599.8993,0,26.949,26.058,81.086,74.121,1.012668,22.62363,21.85707,26.51647,77.56956,2.70125,0.002812967,0.03935356
"2015-12-04 20:00:00",20043,600.2869,599.9023,0,26.068,25.447,83.824,81.13,0.103022,22.6245,22.46743,25.71833,82.56285,2.02625,0.0002861723,0.02492418
"2015-12-04 21:00:00",20044,600.3083,599.9603,0,25.474,25.184,85.826,83.792,0.1556778,22.72856,22.52216,25.29845,85.12492,1.715068,0.0004324383,0.01879616
"2015-12-04 22:00:00",20045,600.3113,599.9207,0,25.306,25.014,85.878,85.027,0.1953603,22.69159,22.43526,25.16214,85.36829,0.5004166,0.0005426676,0.007035173
"2015-12-04 23:00:00",20046,600.2747,599.9023,0,25.134,24.815,87.136,85.457,0.1495727,22.62697,22.46803,24.95576,86.36888,0.06618056,0.0004154798,0.001240633
"2015-12-05 00:00:00",20047,600.3113,599.8535,0,24.986,23.361,90.281,86.605,0.1251527,22.63652,21.6932,24.33639,88.06525,0,0.0003476463,0.0003308433
"2015-12-05 01:00:00",20048,600.1526,599.7558,0,23.361,22.91,93.199,90.27,0.1343102,22.19674,21.49928,23.10744,91.98001,0,0.000373084,0.0003296882
"2015-12-05 02:00:00",20049,600.3388,599.9054,0,23.732,23.331,93.242,92.033,0.2007022,22.44363,22.17643,23.60924,92.41263,0,0.0005575062,0.0003228047
"2015-12-05 03:00:00",20050,600.4121,599.9634,0,23.742,23.371,92.754,91.808,0.1770453,22.39083,22.05758,23.51904,92.26639,0,0.0004917926,0.000324312
"2015-12-05 04:00:00",20051,600.3816,600.0549,0,23.392,22.659,94.378,92.705,0.1930709,22.16835,21.71607,23.0287,93.58497,0,0.0005363081,0.0003249319
"2015-12-05 05:00:00",20052,600.5037,600.0885,0,22.74,22.318,95.344,94.371,0.1953603,21.8741,21.4651,22.58765,94.84148,0,0.0005426675,0.0003251727
"2015-12-05 06:00:00",20053,600.4976,600.1435,0,22.399,22.058,96.462,95.152,14.66118,21.6974,21.37618,22.24726,95.7796,0.001944445,0.0407255,0.0003494092
"2015-12-05 07:00:00",20054,600.5311,599.9542,0,24.494,22.298,96.34,90.117,311.8156,22.98758,21.68921,23.25077,94.30785,0,0.8661546,0.001210711
"2015-12-05 08:00:00",20055,600.5067,599.9786,0,27.428,24.314,90.697,79.57,874.1381,23.71093,22.61661,25.52791,86.69245,0.766111,2.428161,0.01245692
"2015-12-05 09:00:00",20056,600.406,599.9512,0,29.138,27.348,79.582,66.734,1366.453,23.83173,22.12685,28.09773,73.43593,2.429584,3.795704,0.06501571
"2015-12-05 10:00:00",20057,600.3663,599.8199,0,31.88,29.16,67.285,49.544,2524.601,22.75522,19.92475,30.44497,58.9866,3.291111,7.012782,0.1358573
"2015-12-05 11:00:00",20058,600.3724,599.7772,0,32.937,30.31,57.974,49.138,3002.663,21.38335,20.0519,31.63887,52.95054,3.457917,8.34073,0.166324
"2015-12-05 12:00:00",20059,600.3449,599.9054,0,33.456,31.608,53.173,45.845,3239.213,21.35927,19.95397,32.41814,49.77326,3.579375,8.997815,0.1854644
"2015-12-05 13:00:00",20060,600.4335,599.9786,0,34.185,31.829,51.076,44.811,2967.739,21.27335,19.78801,32.85577,48.549,3.473334,8.24372,0.1862054
"2015-12-05 14:00:00",20061,600.3449,599.9054,0,33.966,31.56,54.806,45.119,2478.195,21.57579,20.2097,32.79109,49.6943,3.813751,6.883874,0.1955416
"2015-12-05 15:00:00",20062,619.9847,599.9817,0,33.248,31.01,58.419,49.64,2184.513,22.08231,20.9191,31.98515,54.25249,3.898124,6.068093,0.1780808
"2015-12-05 16:00:00",20063,600.3388,599.9512,0,32.539,30.57,57.63,47.43,1646.584,22.0647,19.52384,31.47211,54.47311,4.057915,4.573845,0.1802232
"2015-12-05 17:00:00",20064,600.348,599.8718,0,30.91,29.27,66.314,56.785,890.2219,22.48461,21.28713,30.12225,61.68188,3.755625,2.472839,0.1375999
"2015-12-05 18:00:00",20065,600.2991,599.9786,0,29.52,27.239,77.178,66.166,225.4587,23.24155,22.4201,28.25781,72.74298,3.575002,0.6262741,0.08965626
"2015-12-05 19:00:00",20066,600.2778,599.8962,0,27.258,26.327,80.787,76.882,1.309525,22.92803,22.58641,26.75962,78.3074,2.475001,0.003637569,0.03634566
"2015-12-05 20:00:00",20067,600.351,599.884,0,26.356,25.724,84.542,80.846,0.1243896,23.00121,22.78586,25.99923,83.18209,1.699305,0.0003455266,0.02151225
"2015-12-05 21:00:00",20068,600.351,599.9969,0,25.796,25.516,85.705,84.508,0.1831503,23.06316,22.92647,25.697,85.04775,1.083403,0.0005087508,0.01364167
"2015-12-05 22:00:00",20069,600.3327,599.9786,0,25.525,25.066,87.558,85.699,0.1236265,22.99092,22.85005,25.26799,86.80807,1.0425,0.0003434068,0.01158628
"2015-12-05 23:00:00",20070,600.3235,599.942,0,25.075,24.334,89.902,87.46,0.1549146,22.88021,22.57597,24.74829,88.68771,0.1247222,0.0004303184,0.001719655
"2015-12-06 00:00:00",20071,600.2991,599.9634,0,24.375,23.912,91.83,89.902,0.1396521,22.67829,22.48667,24.09057,91.07701,0,0.0003879225,0.0003221721
"2015-12-06 01:00:00",20072,600.3144,599.9146,0,23.952,23.582,92.686,91.718,0.2121491,22.55891,22.28389,23.79171,92.09045,0,0.0005893031,0.0003219323
"2015-12-06 02:00:00",20073,600.4091,599.9786,0,24.003,23.452,92.718,91.695,0.211386,22.64934,22.17815,23.80182,92.24396,0,0.0005871832,0.0003212496
"2015-12-06 03:00:00",20074,600.4792,600.1007,0,23.562,22.328,95.132,92.582,0.1862028,22.35839,21.37378,22.99158,93.58252,0,0.0005172301,0.0003253227
"2015-12-06 04:00:00",20075,600.4701,600.0214,0,22.99,22.55,95.482,94.878,0.144994,22.19834,21.75312,22.81924,95.13201,0,0.000402761,0.000321735
"2015-12-06 05:00:00",20076,600.4854,600.2167,0,22.619,22.448,96.514,95.318,0.1938341,21.9558,21.7931,22.53373,95.98402,0,0.000538428,0.000321874
"2015-12-06 06:00:00",20077,600.5922,600.2015,0,22.52,21.756,97.537,96.402,14.26512,21.96493,21.29965,22.1674,96.81734,0,0.03962533,0.0003384691
"2015-12-06 07:00:00",20078,600.5433,600.174,0,24.954,22.228,97.344,88.472,424.0661,23.09342,21.79533,23.36197,93.92381,0.1958333,1.177961,0.002599314
"2015-12-06 08:00:00",20079,600.4915,600.0946,0,28.089,24.774,88.972,72.602,1215.711,23.4969,22.47541,26.5596,80.78765,0.8751389,3.376975,0.01999689
"2015-12-06 09:00:00",20080,600.4213,599.9603,0,28.779,27.608,75.556,66.894,1484.901,23.2315,21.69027,28.06737,71.46023,2.905417,4.124725,0.08092662
"2015-12-06 10:00:00",20081,600.406,599.8871,0,31.56,27.65,71.016,53.089,1783.6,22.17253,20.36345,29.38787,61.78126,3.020208,4.954444,0.1144705
"2015-12-06 11:00:00",20082,600.406,599.9481,0,32.726,29.77,59.115,44.556,2359.432,21.29701,18.652,31.09453,52.7674,3.280001,6.553977,0.1569576
"2015-12-06 12:00:00",20083,600.3541,599.8565,0,33.497,30.638,54.205,44.398,2807.945,20.78248,19.21939,31.86679,49.87211,3.575833,7.799848,0.1821722
"2015-12-06 13:00:00",20084,600.3571,599.9176,0,33.906,30.65,56.095,43.606,2356.531,21.86886,19.21604,31.96032,51.82393,3.587918,6.545919,0.1752272
"2015-12-06 14:00:00",20085,600.3724,599.8626,0,32.957,30.798,55.05,46.963,2462.331,21.3943,19.63685,31.8952,50.61722,3.873542,6.839808,0.1910908
"2015-12-06 15:00:00",20086,600.3449,599.9603,0,32.546,30.798,58.937,48.215,2392.727,22.09512,19.82517,31.72831,53.56042,4.336248,6.646465,0.1963432
"2015-12-06 16:00:00",20087,600.3174,599.9786,0,32.367,30.041,59.048,53.556,1777.916,22.1976,20.53598,30.98143,56.37534,4.303959,4.938657,0.1796481
"2015-12-06 17:00:00",20088,600.3358,599.9939,0,30.5,29.208,62.798,57.57,1042.665,21.81752,20.53615,29.73534,60.55943,4.438541,2.896292,0.1610165
"2015-12-06 18:00:00",20089,600.3144,599.9451,0,29.59,27.399,71.148,59.882,295.1819,21.88442,20.71489,28.52984,65.49282,3.382083,0.8199496,0.1089885
"2015-12-06 19:00:00",20090,600.3327,599.8229,0,27.388,26.276,80.605,71.176,2.036784,22.69107,21.714,26.75783,76.84156,3.066459,0.005657734,0.04412543
"2015-12-06 20:00:00",20091,600.3755,599.9542,0,26.288,25.576,84.476,80.602,0.1938341,22.84397,22.67197,25.8983,82.80791,2.88625,0.000538428,0.03078572
"2015-12-06 21:00:00",20092,600.3113,600.0397,0,25.596,24.915,87.109,84.472,0.1930709,22.81945,22.63151,25.19833,86.09361,2.03236,0.0005363081,0.01964545
"2015-12-06 22:00:00",20093,600.3022,599.9329,0,24.934,24.494,88.56,87.042,0.1747559,22.66472,22.46511,24.73132,87.78755,0.7132639,0.0004854331,0.007855251
"2015-12-06 23:00:00",20094,600.2991,599.9481,0,24.514,23.932,90.854,88.531,0.1320208,22.58395,22.33498,24.29483,89.50809,0.007638889,0.0003667246,0.0004066738
"2015-12-07 00:00:00",20095,600.2991,600.0336,0,23.922,23.151,92.99,90.894,0.2327535,22.439,21.943,23.63508,92.04371,0,0.0006465375,0.0003238966
"2015-12-07 01:00:00",20096,600.406,599.9451,0,24.012,23.171,93.98,93.023,0.2548841,22.87723,21.99722,23.71707,93.30852,0,0.0007080114,0.0003183772
"2015-12-07 02:00:00",20097,600.522,600.1649,0,23.822,22.96,94.789,93.113,0.1755191,22.66596,22.01424,23.44403,93.73727,0,0.000487553,0.0003198508
"2015-12-07 03:00:00",20098,600.5098,600.0763,0,23.402,22.85,95.668,94.49,0.2548842,22.52377,22.10786,23.13326,94.99128,0,0.0007080117,0.0003189636
"2015-12-07 04:00:00",20099,600.4121,600.0092,0,22.95,22.509,96.812,95.59,0.1655984,22.2439,21.89642,22.63683,96.21593,0,0.0004599955,0.0003199939
"2015-12-07 05:00:00",20100,600.4457,599.9786,0,22.82,22.448,97.008,96.378,0.1518621,22.25767,21.91697,22.63432,96.72327,0,0.0004218392,0.0003182985
"2015-12-07 06:00:00",20101,600.4915,600.1862,0,23.02,22.699,96.398,95.535,13.30282,22.33119,22.00621,22.86041,95.83764,0,0.03695227,0.0003336845
"2015-12-07 07:00:00",20102,600.467,600.0885,0,25.384,22.79,95.855,86.664,439.3897,23.18703,22.10993,23.84737,92.68893,0.8972914,1.220527,0.007658924
"2015-12-07 08:00:00",20103,600.4976,600.0336,0,27.928,25.355,86.992,73.117,1219.445,23.24034,22.56161,26.76108,79.6506,2.706667,3.387347,0.05336316
"2015-12-07 09:00:00",20104,600.4792,600.058,0,29.49,27.268,75.414,59.816,1469.344,22.886,20.87684,28.2798,68.65911,3.474583,4.081511,0.1029023
"2015-12-07 10:00:00",20105,600.4091,599.9756,0,31.24,29.38,59.476,49.019,2253.617,20.81229,18.95627,30.31585,53.30577,4.104999,6.260046,0.1831554
"2015-12-07 11:00:00",20106,600.4731,599.942,0,32.898,30.978,50.9,43.943,3232.077,20.21134,18.46496,31.7193,48.13688,4.204792,8.977992,0.2149232
"2015-12-07 12:00:00",20107,600.4335,599.8871,0,33.367,31.478,48.414,42.816,3470.638,20.15576,18.31749,32.44929,45.48876,4.064166,9.64066,0.2232025
"2015-12-07 13:00:00",20108,600.4854,599.9359,0,34.197,32.238,48.954,42.138,3194.472,20.74804,19.17586,33.19706,46.0738,3.817707,8.873533,0.2124754
"2015-12-07 14:00:00",20109,600.3388,599.9329,0,34.316,32.386,46.646,37.485,3056.406,20.28012,16.95477,33.165,43.09632,4.562915,8.490017,0.2582643
"2015-12-07 15:00:00",20110,600.3816,599.9969,0,33.916,31.778,49.515,38.72,2574.501,20.02109,17.3499,32.51182,44.34265,4.439376,7.151391,0.2430988
"2015-12-07 16:00:00",20111,600.3266,599.9939,0,32.258,30.88,52.458,45.511,1877.747,20.23939,18.51541,31.49897,49.39503,4.717289,5.215963,0.2263183
"2015-12-07 17:00:00",20112,600.3235,599.9329,0,31.15,29.6,56.38,49.194,1082.176,20.29997,19.17176,30.36309,53.0633,4.695624,3.006045,0.202871
"2015-12-07 18:00:00",20113,600.3174,599.9939,0,29.6,27.319,71.523,54.919,304.4187,21.74625,19.4293,28.47174,63.75628,4.168958,0.8456074,0.1356744
"2015-12-07 19:00:00",20114,600.3327,599.884,0,27.338,26.136,77.455,71.552,2.411478,22.00245,21.74177,26.62359,75.3123,3.53,0.006698551,0.05065115
"2015-12-07 20:00:00",20115,600.3113,599.9664,0,26.177,25.396,82.023,77.396,0.1053114,22.17889,21.87905,25.81989,79.78215,2.804791,0.0002925317,0.03548509
"2015-12-07 21:00:00",20116,600.3266,599.9512,0,25.436,24.754,85.164,81.964,0.1663615,22.14899,22.01942,25.05788,83.51659,2.672084,0.0004621153,0.02745085
"2015-12-07 22:00:00",20117,600.3144,599.9847,0,24.774,24.334,87.773,85.105,0.1564409,22.23136,22.0898,24.54526,86.49968,2.426875,0.0004345581,0.02090128
"2015-12-07 23:00:00",20118,600.3419,600.061,0,24.353,23.612,90.824,87.771,0.2083335,22.23882,22.01164,24.01115,89.17293,1.888958,0.0005787041,0.01410818
"2015-12-08 00:00:00",20119,600.4182,599.9634,0,23.622,23,92.871,90.846,0.1556777,22.18535,21.78684,23.38886,92.01662,1.549514,0.0004324381,0.008996892
"2015-12-08 01:00:00",20120,600.4792,599.9817,0,22.99,22.47,95.128,92.785,0.2457267,21.81026,21.57173,22.64506,94.1211,0.6830554,0.0006825741,0.003615922
"2015-12-08 02:00:00",20121,600.4548,600.0061,0,22.609,22.46,95.789,95.152,0.1785715,21.87626,21.66202,22.54303,95.51918,0.6890974,0.0004960319,0.002830008
"2015-12-08 03:00:00",20122,600.5342,600.0793,0,22.56,22.188,96.888,95.621,0.144994,21.86195,21.58688,22.36817,96.0959,0.01513889,0.0004027611,0.00037963
"2015-12-08 04:00:00",20123,600.5037,600.1313,0,22.48,22.198,97.115,96.512,0.1640721,21.96848,21.68036,22.31726,96.83997,0.3110416,0.0004557559,0.001183811
"2015-12-08 05:00:00",20124,600.4579,600.0275,0,22.52,22.308,96.941,96.502,0.2136754,22.00586,21.76211,22.41186,96.71568,0.5563192,0.0005935427,0.001834819
"2015-12-08 06:00:00",20125,600.4091,600.1801,0,22.46,22.248,97.044,96.652,9.791672,21.93613,21.76708,22.35671,96.88147,0.7526388,0.02719909,0.002181192
"2015-12-08 07:00:00",20126,600.5189,600,0,24.644,22.248,97.072,90.744,396.8607,23.11336,21.77164,23.26034,94.8171,0.2404167,1.102391,0.002585098
"2015-12-08 08:00:00",20127,600.525,600.0671,0,27.749,24.613,91.128,77.972,1169.457,23.86241,23.06457,26.46763,83.69771,2.633124,3.248492,0.04197532
"2015-12-08 09:00:00",20128,600.3846,599.9817,0,29.18,27.278,79.822,68.951,1360.868,23.76898,22.57531,28.37977,73.60725,3.902291,3.780188,0.09557763
"2015-12-08 10:00:00",20129,600.4213,599.9573,0,31.109,28.939,69.426,59.716,1908.143,23.25687,22.00489,29.90815,65.3526,4.227083,5.300398,0.1383805
"2015-12-08 11:00:00",20130,600.351,600.0092,0,32.808,29.83,65.828,53.492,2388.075,23.03626,21.67833,31.38798,58.93198,3.529375,6.633541,0.1464702
"2015-12-08 12:00:00",20131,600.4426,599.9451,0,33.667,31.291,56.406,49.635,2424.456,22.29898,21.14485,32.40228,53.01678,4.258543,6.734601,0.1984884
"2015-12-08 13:00:00",20132,600.3571,599.9939,0,34.255,32.128,52.154,46.279,2614.464,21.69146,20.84686,32.91101,50.30396,4.110624,7.2624,0.2061838
"2015-12-08 14:00:00",20133,600.3846,599.8748,0,34.466,32.678,50.232,44.418,2832.883,21.41275,20.1614,33.60874,47.09784,4.298542,7.86912,0.2308065
"2015-12-08 15:00:00",20134,600.3755,599.9207,0,34.095,32.328,49.753,44.898,2508.077,20.75894,19.75616,33.24702,46.75754,4.479791,6.966882,0.2378248
"2015-12-08 16:00:00",20135,600.3724,599.9054,0,33.226,31.35,55.648,46.069,1805.107,21.52217,19.72757,32.31297,50.48102,4.607709,5.014185,0.2210333
"2015-12-08 17:00:00",20136,600.3144,599.9939,0,31.919,29.81,59.138,53.414,1026.833,21.59513,20.72857,30.80433,56.51365,4.842916,2.852314,0.1945603
"2015-12-08 18:00:00",20137,600.3235,600.0336,0,29.951,28.06,67.109,58.251,283.4785,21.41947,20.85566,29.08283,62.31034,4.472292,0.7874404,0.1512877
"2015-12-08 19:00:00",20138,600.4213,599.9359,0,28.07,27.018,74.082,66.945,2.287089,22.11164,21.31057,27.43999,71.47995,3.96271,0.006353025,0.06397451
"2015-12-08 20:00:00",20139,600.3419,599.9329,0,27.027,26.398,80.445,74.109,0.1373627,22.86456,22.03649,26.69532,78.07392,3.699375,0.000381563,0.04625615
"2015-12-08 21:00:00",20140,600.3602,599.9847,0,26.427,25.666,83.699,80.398,0.1800978,22.81716,22.66346,26.11141,81.68378,2.837292,0.0005002717,0.03268936
"2015-12-08 22:00:00",20141,600.3358,599.9146,0,25.676,24.925,86.352,83.672,0.2190172,22.72141,22.44138,25.30762,84.52756,2.265833,0.0006083812,0.02349446
"2015-12-08 23:00:00",20142,600.3602,599.9329,0,24.934,24.794,88.636,86.348,0.2060441,22.83686,22.4944,24.8463,87.79398,2.476667,0.0005723448,0.01933453
"2015-12-09 00:00:00",20143,600.4091,600.1649,0,24.825,24.222,90.832,88.6,0.2213066,22.86653,22.62834,24.55715,89.7191,2.195416,0.0006147407,0.01500952
"2015-12-09 01:00:00",20144,600.4213,600,0,24.243,23.752,92.006,90.781,0.1739928,22.66265,22.3878,24.02984,91.33064,0.9797224,0.0004833133,0.00711844
"2015-12-09 02:00:00",20145,600.403,599.9695,0,23.782,23.642,93.094,91.949,0.229701,22.51694,22.35541,23.68126,92.59421,1.665209,0.0006380584,0.008851479
"2015-12-09 03:00:00",20146,600.3602,600.0336,0,23.732,23.371,94.102,93.008,0.2098597,22.56332,22.37936,23.59551,93.39599,2.292292,0.0005829437,0.009668951
"2015-12-09 04:00:00",20147,600.4121,599.9786,0,23.392,23.191,95.316,94.07,0.1907816,22.49729,22.32058,23.28223,94.78849,2.08875,0.0005299489,0.007178905
"2015-12-09 05:00:00",20148,600.3877,599.9786,0,23.212,22.8,96.68,95.281,0.205281,22.43749,22.24266,22.97777,96.01643,1.910625,0.000570225,0.005191166
"2015-12-09 06:00:00",20149,600.4823,599.9908,0,22.96,22.74,96.978,96.648,8.819449,22.44529,22.24767,22.87553,96.79446,1.706667,0.02449847,0.003927029
"2015-12-09 07:00:00",20150,600.5128,599.9939,0,25.436,22.65,97.039,89.656,386.7842,23.83084,22.16291,23.73064,95.00713,1.381042,1.074401,0.007617557
"2015-12-09 08:00:00",20151,600.4792,599.9298,0,28.32,25.447,89.859,74.832,1135.025,23.93773,23.06223,26.97065,81.87333,3.199167,3.152846,0.05475678
"2015-12-09 09:00:00",20152,600.4731,600.0275,0,30.08,28.048,75.406,65.789,1591.848,23.62649,22.6894,28.97196,70.64494,4.319999,4.421801,0.1168152
"2015-12-09 10:00:00",20153,600.467,599.9664,0,31.369,29.08,69.162,59.615,1845.304,23.3185,22.35163,30.20695,64.42258,4.376666,5.125844,0.1467885
"2015-12-09 11:00:00",20154,600.4609,599.9634,0,33.816,30.888,61.402,46.884,2781.503,22.9479,20.60078,32.22925,54.28656,4.385627,7.726397,0.1978507
"2015-12-09 12:00:00",20155,600.4426,599.9878,0,34.904,32.498,51.169,42.38,3205.677,21.39264,19.66904,33.59539,46.29983,4.723124,8.904658,0.2533259
"2015-12-09 13:00:00",20156,600.4121,599.8718,0,35.951,33.199,47.254,37.44,3142.286,21.06884,18.88414,34.44162,43.47722,4.672917,8.728572,0.2683449
"2015-12-09 14:00:00",20157,600.3602,599.9298,0,34.904,33.046,50.937,44.287,2553.331,22.0956,20.52024,33.96447,47.17055,5.042082,7.092586,0.2633198
"2015-12-09 15:00:00",20158,600.3602,599.9115,0,34.294,32.628,49.175,43.816,2497.694,21.08829,19.88081,33.59448,46.19408,5.637501,6.938039,0.2904331
"2015-12-09 16:00:00",20159,600.3877,600.0092,0,33.736,31.388,55.9,47.007,1803.538,21.72569,20.4483,32.51138,50.90135,5.318752,5.009828,0.2466478
"2015-12-09 17:00:00",20160,600.3693,600.0061,0,31.43,29.85,63.017,55.965,1025.533,22.37488,21.56201,30.678,59.91107,5.575624,2.848704,0.1997963
"2015-12-09 18:00:00",20161,600.3388,600.0305,0,29.92,27.978,73.23,62.564,290.1262,22.77521,21.80927,29.02049,66.87228,4.929792,0.8059062,0.1435262
"2015-12-09 19:00:00",20162,600.3174,600,0,27.978,27.046,78.662,73.312,2.257326,23.09568,22.76707,27.48136,76.43739,3.937919,0.006270349,0.05277757
"2015-12-09 20:00:00",20163,600.3297,599.8565,0,27.046,26.427,83.357,78.564,0.2182541,23.42586,22.97998,26.72941,80.94699,2.956876,0.0006062614,0.03553563
"2015-12-09 21:00:00",20164,600.3877,600.0061,0,26.448,26.157,84.686,83.298,0.1648352,23.43969,23.34937,26.2768,84.11646,2.763334,0.0004578756,0.02807793
"2015-12-09 22:00:00",20165,600.3724,600.0488,0,26.177,25.846,85.922,84.576,0.1381258,23.42125,23.30283,26.01086,85.31239,2.839583,0.0003836828,0.02617016
"2015-12-09 23:00:00",20166,600.3541,600,0,25.866,25.676,86.914,85.912,0.2434373,23.3993,23.30523,25.78007,86.40964,2.430903,0.0006762147,0.02190297
"2015-12-10 00:00:00",20167,600.3632,600.1038,0,25.697,25.455,88.453,86.855,0.1793347,23.45463,23.28303,25.56592,87.56785,1.37507,0.0004981519,0.01355819
"2015-12-10 01:00:00",20168,600.3724,599.9817,0,25.466,25.104,89.369,88.449,0.2342798,23.45378,23.24206,25.29332,88.93942,1.532986,0.0006507771,0.01296946
"2015-12-10 02:00:00",20169,600.4457,599.9695,0,25.134,24.786,90.271,89.363,0.1907816,23.29347,23.05703,24.93462,89.93024,1.385625,0.000529949,0.01089847
"2015-12-10 03:00:00",20170,600.4823,600.0549,0,24.794,24.173,92.676,89.996,0.1877291,23.07501,22.91839,24.44621,91.4898,1.349236,0.0005214697,0.00895138
"2015-12-10 04:00:00",20171,600.4091,599.9939,0,24.194,23.792,93.912,92.65,0.1808609,22.95488,22.754,23.94974,93.38551,1.61632,0.0005023915,0.007830642
"2015-12-10 05:00:00",20172,600.4701,600.1313,0,23.812,23.472,94.48,93.722,0.2976192,22.77965,22.53301,23.64397,94.03575,1.220347,0.0008267201,0.005779296
"2015-12-10 06:00:00",20173,600.4579,600.1099,0,23.522,23.302,94.758,94.328,8.015114,22.59949,22.4035,23.42576,94.47487,0.1291667,0.0222642,0.001007558
"2015-12-10 07:00:00",20174,600.464,600.0824,0,26.058,23.312,94.832,85.046,401.5266,23.60675,22.43993,24.53165,91.01269,1.164653,1.115352,0.01128112
"2015-12-10 08:00:00",20175,600.4609,600.0214,0,28.028,25.596,86.289,76.113,800.0317,23.84142,23.07432,26.50858,82.85841,2.382084,2.22231,0.03993301
"2015-12-10 09:00:00",20176,600.5281,600.0763,0,30.279,27.458,78.588,61.007,1466.482,23.58502,21.7883,28.76828,70.86083,4.101042,4.073562,0.1106089
"2015-12-10 10:00:00",20177,600.4609,599.9481,0,32.338,29.619,61.783,52.822,1797.837,22.11906,20.51846,30.81877,56.72583,4.713541,4.993991,0.1909594
"2015-12-10 11:00:00",20178,600.5037,599.939,0,32.758,30.541,59.525,53.818,2235.317,22.6937,21.12251,31.49698,56.79858,4.395418,6.209214,0.1837828
"2015-12-10 12:00:00",20179,600.4945,600.0031,0,32.758,29.72,64.882,54.21,2904.413,23.09777,21.89839,31.24596,60.03486,5.293751,8.067813,0.1971639
"2015-12-10 13:00:00",20180,600.4487,599.9084,0,32.158,30.47,63.531,56.536,2189.729,23.1861,22.04691,31.06504,60.50185,4.912501,6.082579,0.1820316
"2015-12-10 14:00:00",20181,600.4243,599.9634,0,33.267,31.25,60.612,54.176,2349.399,23.23936,22.04653,32.06656,57.48348,4.678334,6.526107,0.1926178
"2015-12-10 15:00:00",20182,600.351,599.9939,0,32.398,31.31,61.148,56.929,2132.017,23.36539,22.45072,31.86526,59.45627,4.909793,5.92227,0.1898044
"2015-12-10 16:00:00",20183,600.3816,599.9969,0,32.207,30.5,66.016,59.357,1767.51,23.71692,23.04628,31.42844,62.34271,4.983748,4.909749,0.1763273
"2015-12-10 17:00:00",20184,600.3541,599.9176,0,31.13,29.41,68.898,63.072,998.1523,23.67175,22.94857,30.25506,66.20558,4.679375,2.772645,0.1457661
"2015-12-10 18:00:00",20185,600.3388,599.9023,0,29.56,27.45,76.054,68.156,264.8278,23.26216,22.84366,28.39776,72.91632,4.72104,0.7356327,0.1118739
"2015-12-10 19:00:00",20186,600.3693,599.9329,0,27.458,26.718,77.363,75.332,2.360348,22.86485,22.36968,27.05705,76.14946,3.765834,0.006556523,0.05142171
"2015-12-10 20:00:00",20187,600.3693,600.0305,0,26.738,26.238,80.316,77.332,0.1846766,22.63188,22.41616,26.46087,78.89227,3.339792,0.0005129905,0.04180015
"2015-12-10 21:00:00",20188,600.3724,599.9939,0,26.276,26.068,81.906,80.254,0.2228329,22.76946,22.59842,26.17483,81.05554,3.526043,0.0006189801,0.03827921
"2015-12-10 22:00:00",20189,600.3907,600.0061,0,26.077,25.827,83.57,81.82,0.1655984,22.87727,22.73512,25.95206,82.70284,3.043125,0.0004599956,0.03198714
"2015-12-10 23:00:00",20190,600.3724,599.8932,0,25.886,25.736,85.464,83.512,0.1228633,23.23787,22.85119,25.8097,84.68719,3.034375,0.0003412869,0.02815441
"2015-12-11 00:00:00",20191,600.3602,599.9512,0,26.007,25.807,85.346,83.57,0.1732297,23.20766,22.98509,25.91407,84.40347,3.000833,0.0004811935,0.0285914
"2015-12-11 01:00:00",20192,600.3266,600.0336,0,25.827,25.316,85.852,84.332,0.1396521,23.00969,22.76952,25.53593,85.1822,2.491876,0.0003879225,0.02404721
"2015-12-11 02:00:00",20193,600.3571,599.9786,0,25.376,25.196,85.912,84.992,0.1862028,22.83183,22.53817,25.27983,85.67709,2.125417,0.0005172301,0.02087528
"2015-12-11 03:00:00",20194,600.3724,600.0183,0,25.236,24.674,86.445,84.82,0.1678877,22.5533,22.22916,24.94594,85.39204,1.623542,0.0004663549,0.01759732
"2015-12-11 04:00:00",20195,600.3999,600.0061,0,24.703,23.952,89.484,86.354,0.1991759,22.35617,22.10155,24.40899,87.72086,1.62382,0.0005532665,0.01460023
"2015-12-11 05:00:00",20196,600.4609,600.0854,0,23.952,23.552,90.926,89.418,0.1701772,22.20784,21.9891,23.77633,90.28971,0.05590278,0.0004727144,0.0008642122
"2015-12-11 06:00:00",20197,600.4854,600.2259,0,23.582,23.191,92.574,90.918,8.574485,22.0388,21.87051,23.34063,91.75529,0.4275,0.02381801,0.003470299
"2015-12-11 07:00:00",20198,600.467,600.0092,0,25.817,23.201,92.578,81.93,363.7869,22.66743,21.92743,24.16967,89.2657,1.496875,1.010519,0.01612021
"2015-12-11 08:00:00",20199,600.4548,600.0183,0,27.829,25.697,82.46,69.48,1133.785,22.56513,21.65265,26.82719,75.57813,4.020417,3.149403,0.0871666
"2015-12-11 09:00:00",20200,600.464,599.9451,0,28.939,27.708,70.044,63.289,1489.903,22.00494,21.03003,28.44154,65.71485,4.778541,4.138618,0.1450366
"2015-12-11 10:00:00",20201,600.4396,599.9969,0,31.18,28.72,64.14,54.566,1798.862,21.81752,20.24751,29.92575,58.68085,4.269582,4.99684,0.1654928
"2015-12-11 11:00:00",20202,600.4518,599.9512,0,31.57,29.859,59.57,54.359,1494.383,21.59662,20.92551,30.53772,57.61823,3.823748,4.151064,0.1567332
"2015-12-11 12:00:00",20203,600.4487,599.9847,0,32.917,30.57,59.619,52.24,2361.372,22.52932,21.40172,31.46076,56.87957,3.945,6.559365,0.1682973
"2015-12-11 13:00:00",20204,600.3663,599.8871,0,34.236,31.72,56.33,47.634,2752.113,22.47295,20.8877,32.72706,52.70421,4.083541,7.644759,0.1949805
"2015-12-11 14:00:00",20205,600.3846,599.9817,0,33.996,32.238,52.107,46.083,2896.782,21.61826,20.36624,33.12044,49.17448,4.597501,8.046618,0.2321867
"2015-12-11 15:00:00",20206,600.3724,599.9786,0,33.296,31.1,55.68,47.708,2516.03,21.55554,20.67249,32.05886,52.72111,5.237708,6.988972,0.2338076
"2015-12-11 16:00:00",20207,600.3541,599.9634,0,31.82,30.109,59.667,54.835,1815.322,21.82432,21.21842,31.03912,57.05775,4.924584,5.04256,0.197138
"2015-12-11 17:00:00",20208,600.351,599.9573,0,30.72,29.57,59.528,54.123,1039.924,21.53056,19.54136,30.0904,56.6884,4.884792,2.888677,0.1920469
"2015-12-11 18:00:00",20209,600.3449,599.9237,0,29.67,27.528,66.71,54.522,308.7243,20.80838,19.22136,28.63932,59.06135,4.470833,0.8575676,0.1625998
"2015-12-11 19:00:00",20210,600.3297,599.9329,0,27.509,26.198,76.646,66.734,3.275338,21.80472,20.77699,26.76606,71.90891,4.124374,0.009098161,0.06281359
"2015-12-11 20:00:00",20211,600.3388,600.0458,0,26.257,25.615,80.352,76.682,0.1442308,22.08709,21.80913,25.8954,78.87614,3.264375,0.0004006412,0.04052179
"2015-12-11 21:00:00",20212,600.3663,600.0671,0,25.656,25.146,81.77,79.689,0.1037852,21.93138,21.74364,25.44083,80.26099,2.774166,0.0002882922,0.03400018
"2015-12-11 22:00:00",20213,600.3327,599.9054,0,25.236,24.754,85.031,81.826,0.1480465,22.12313,21.83006,24.98964,83.40407,2.294653,0.0004112402,0.02513743
"2015-12-11 23:00:00",20214,600.3327,599.9939,0,24.764,24.414,88.016,85.041,0.1839134,22.35716,22.05647,24.59967,86.73778,2.257291,0.0005108707,0.01967511
"2015-12-12 00:00:00",20215,600.3846,599.939,0,24.434,23.922,89.773,87.932,0.1717034,22.34153,22.15646,24.23024,88.8166,1.050556,0.0004769539,0.00966299
"2015-12-12 01:00:00",20216,600.4731,600.1343,0,23.932,22.99,92.873,89.773,0.1907815,22.20633,21.77714,23.47969,91.46322,0.578611,0.0005299487,0.004581337
"2015-12-12 02:00:00",20217,600.4548,600.058,0,23.03,22.88,94.348,92.898,0.1800978,22.06597,21.78977,22.94805,93.8088,1.210625,0.0005002716,0.005849007
"2015-12-12 03:00:00",20218,600.4091,599.9786,0,23.01,22.86,94.75,94.236,0.1854396,22.07648,21.97641,22.92381,94.54022,1.816666,0.0005151102,0.006808675
"2015-12-12 04:00:00",20219,600.3969,600.0214,0,22.97,22.8,95.117,94.388,0.181624,22.07281,21.95479,22.90455,94.64571,1.862292,0.0005045112,0.006783006
"2015-12-12 05:00:00",20220,600.3785,600.0336,0,23.312,22.87,95.074,93.988,0.151099,22.34629,22.03713,23.14983,94.44685,2.145,0.0004197194,0.007729543
"2015-12-12 06:00:00",20221,600.3846,600.116,0,23.171,22.96,95.046,94.558,7.534344,22.30315,22.12138,23.06349,94.80145,2.13125,0.02092873,0.007205606
"2015-12-12 07:00:00",20222,600.3969,600.0702,0,25.396,23.171,94.722,86.928,379.2339,23.23231,22.29361,23.99207,92.07137,2.109583,1.053427,0.01609529
"2015-12-12 08:00:00",20223,600.3724,599.8871,0,27.759,25.406,86.988,76.824,1028.454,23.59097,23.03652,26.75793,81.09404,3.234793,2.856818,0.05705059
"2015-12-12 09:00:00",20224,600.3755,599.9542,0,29.81,27.208,78.457,64.542,1568.919,23.51635,22.2065,28.48758,71.38847,4.282499,4.358108,0.1118861
"2015-12-12 10:00:00",20225,600.4335,599.9939,0,31.579,29.38,65.855,54.922,2168.841,22.60911,21.06848,30.38824,60.26662,4.523542,6.024557,0.1690934
"2015-12-12 11:00:00",20226,600.3999,599.9512,0,32.748,30.529,57.936,50.271,2771.068,21.57056,20.70769,31.70898,53.9211,4.794374,7.697411,0.2116373
"2015-12-12 12:00:00",20227,600.3816,599.8138,0,34.326,31.458,54.603,46.343,2933.403,21.48229,20.6977,32.5681,50.93009,4.737085,8.14834,0.227261
"2015-12-12 13:00:00",20228,600.3907,599.9146,0,34.306,32.378,51.292,45.914,2985.817,21.3982,20.36031,33.2608,48.6655,4.688542,8.293935,0.2389983
"2015-12-12 14:00:00",20229,600.4335,599.9878,0,34.066,32.248,52.302,45.653,2732.82,21.68166,20.07173,33.05293,49.42506,5.061043,7.591167,0.2487178
"2015-12-12 15:00:00",20230,600.4091,599.9023,0,33.845,32.539,51.224,45.723,2516.877,21.57216,20.17164,33.02828,48.96711,4.7525,6.991326,0.2381986
"2015-12-12 16:00:00",20231,600.3969,599.9054,0,33.517,31.41,57.526,47.702,1789.067,22.28642,20.64362,32.26092,52.54788,4.783334,4.96963,0.2181201
"2015-12-12 17:00:00",20232,600.3144,599.9817,0,32.238,30.109,62.349,54.898,1044.699,22.39722,21.10455,30.94094,58.78667,4.560416,2.901943,0.1764355
"2015-12-12 18:00:00",20233,600.3602,599.8901,0,30.24,28.34,70.154,62.473,312.0652,22.43839,21.87105,29.36963,65.21207,4.384376,0.8668479,0.1384398
"2015-12-12 19:00:00",20234,600.3877,599.9603,0,28.369,27.098,78.117,70.18,3.075399,23.01118,22.38651,27.64062,74.42368,3.822709,0.008542774,0.05669787
"2015-12-12 20:00:00",20235,600.3174,599.9481,0,27.136,26.448,83.109,78.058,0.1930709,23.39443,22.97412,26.73713,81.08993,3.212501,0.0005363082,0.03699901
"2015-12-12 21:00:00",20236,600.3602,599.9786,0,26.507,26.136,85.812,82.878,0.1343102,23.62009,23.33768,26.31427,84.26286,3.113125,0.0003730838,0.02985088
"2015-12-12 22:00:00",20237,600.3388,599.9664,0,26.157,25.656,88.105,85.781,0.2243591,23.64998,23.52961,25.91649,86.96864,2.7375,0.0006232198,0.02267203
"2015-12-12 23:00:00",20238,600.3877,599.9664,0,25.666,25.255,89.988,88.102,0.1541515,23.58994,23.48463,25.46013,89.05534,1.835,0.0004281985,0.01459852
"2015-12-13 00:00:00",20239,600.4243,599.9939,0,25.275,24.876,92.041,89.957,0.1839134,23.64319,23.50412,25.11122,91.0883,1.68132,0.0005108706,0.01112553
"2015-12-13 01:00:00",20240,600.4823,600.0092,0,24.896,24.464,93.596,92.006,0.1907815,23.55417,23.33936,24.68364,92.81021,1.386389,0.0005299487,0.007791805
"2015-12-13 02:00:00",20241,600.4335,599.9939,0,24.494,24.234,94.621,93.562,0.2190172,23.46925,23.31203,24.39313,94.1608,1.482083,0.0006083812,0.006619418
"2015-12-13 03:00:00",20242,600.4487,600.0031,0,24.253,23.742,95.914,94.554,0.187729,23.36434,23.06667,24.01606,95.25279,0.09076389,0.0005214696,0.0007274535
"2015-12-13 04:00:00",20243,600.4609,600.0183,0,23.752,23.331,97.352,95.906,0.1732297,23.08562,22.88197,23.53249,96.66283,0.281875,0.0004811935,0.001166546
"2015-12-13 05:00:00",20244,600.4609,600.0397,0,23.382,23.251,97.996,97.201,0.1472834,23.00624,22.8401,23.30767,97.66138,0,0.0004091205,0.0003075502
"2015-12-13 06:00:00",20245,600.4823,600.2137,0,23.292,23.02,98.802,97.934,7.034498,23.07693,22.77475,23.15722,98.31176,0.08229167,0.01954027,0.000443673
"2015-12-13 07:00:00",20246,600.4823,600.0061,0,24.695,23.251,98.617,95.314,307.9236,23.93624,23.02495,23.70752,97.54312,0.588889,0.8553433,0.002537244
"2015-12-13 08:00:00",20247,600.525,600.0275,0,27.978,24.695,95.722,78.275,1034.427,24.63046,23.73173,26.62824,86.31063,2.904376,2.873409,0.03840658
"2015-12-13 09:00:00",20248,600.4457,600.061,0,29.34,27.848,79.441,69.76,1454.479,24.02858,23.01102,28.62365,73.59588,4.042292,4.040219,0.09902368
"2015-12-13 10:00:00",20249,600.522,599.942,0,32.158,29.298,69.289,57.253,2190.621,23.65223,22.46462,30.49902,63.72795,4.234167,6.085059,0.1472619
"2015-12-13 11:00:00",20250,600.5098,599.9298,0,33.996,30.92,58.684,46.987,2613.506,22.67174,20.62878,32.2801,53.87748,4.095,7.259739,0.1887662
"2015-12-13 12:00:00",20251,600.4731,599.9725,0,34.486,32.277,51.688,44.986,2740.132,21.69501,20.13902,33.36523,48.17032,4.925001,7.611478,0.2509418
"2015-12-13 13:00:00",20252,600.4457,599.9481,0,35.612,33.647,45.39,39.463,3187.41,20.85664,19.30297,34.43766,42.94149,4.675626,8.853918,0.2710245
"2015-12-13 14:00:00",20253,600.4579,599.9786,0,35.394,33.417,48.259,38.912,2806.73,21.59483,18.78557,34.48663,43.72976,5.217293,7.796474,0.2913912
"2015-12-13 15:00:00",20254,600.3724,600.0061,0,35.125,33.616,47.654,40.597,2511.073,21.55683,19.16436,34.43252,43.6461,4.999794,6.975204,0.2812126
"2015-12-13 16:00:00",20255,600.3724,599.9512,0,34.505,32.188,50.414,43.093,1821.908,21.687,19.88648,33.48059,46.90399,5.075417,5.060855,0.2620547
"2015-12-13 17:00:00",20256,600.3358,599.9725,0,32.748,31.138,54.789,48.97,1032.806,21.04881,20.3324,31.88246,51.71878,4.967707,2.868904,0.2254283
"2015-12-13 18:00:00",20257,600.3144,600.0061,0,31.31,28.51,68.707,54.635,304.6919,22.40879,20.80128,29.9442,60.71748,4.413333,0.8463663,0.1590624
"2015-12-13 19:00:00",20258,600.29,600.0214,0,28.51,27.027,79.113,67.546,4.829063,23.13859,21.92687,27.65091,74.39839,3.727291,0.01341407,0.05601249
"2015-12-13 20:00:00",20259,600.348,599.8718,0,27.058,26.218,85.039,79.142,0.1045483,23.55109,23.1098,26.58922,82.9574,3.06625,0.0002904119,0.03232858
"2015-12-13 21:00:00",20260,600.3724,600.0061,0,26.218,25.586,88.094,85.035,0.1648353,23.54184,23.44102,25.89136,86.51429,2.478333,0.0004578758,0.02207254
"2015-12-13 22:00:00",20261,600.3235,599.939,0,25.605,25.175,90.796,88.09,0.1831503,23.62469,23.42981,25.33124,89.51315,2.495417,0.0005087508,0.01697156
"2015-12-13 23:00:00",20262,600.3571,600.0183,0,25.224,24.986,92.582,90.768,0.2037548,23.76268,23.60402,25.13448,91.69591,2.532084,0.0005659855,0.01350801
"2015-12-14 00:00:00",20263,600.3969,600.0397,0,24.995,24.754,93.344,92.542,0.1541515,23.74061,23.60611,24.86014,93.01156,2.019791,0.0004281986,0.009824135
"2015-12-14 01:00:00",20264,600.3969,599.9786,0,24.786,24.574,93.787,93.287,0.1655984,23.6549,23.5121,24.67268,93.57226,1.566875,0.0004599955,0.007607328
"2015-12-14 02:00:00",20265,600.3693,600.0183,0,24.613,24.464,94.031,93.504,0.1984128,23.54777,23.43291,24.55524,93.70644,0.9181249,0.0005511467,0.005041354
"2015-12-14 03:00:00",20266,600.3724,599.9908,0,24.574,24.304,94.098,93.484,0.1900184,23.51065,23.29913,24.45789,93.78918,1.064236,0.000527829,0.005549453
"2015-12-14 04:00:00",20267,600.4457,599.9664,0,24.314,23.742,95.668,94.058,0.2007022,23.32434,22.99311,24.07397,94.85568,0.2048611,0.0005575062,0.001308696
"2015-12-14 05:00:00",20268,600.5403,600.0885,0,23.802,23.171,96.781,95.476,0.205281,23.10438,22.59294,23.47341,96.22412,0,0.0005702249,0.0003107009
"2015-12-14 06:00:00",20269,600.5952,600.2747,0,23.171,22.81,98.174,96.74,6.87195,22.77867,22.41161,22.95226,97.52991,0,0.01908875,0.000319675
"2015-12-14 07:00:00",20270,600.5311,600.0519,0,25.406,22.86,98.296,92.168,338.4809,24.19511,22.55537,23.90204,96.65221,0.3204167,0.9402247,0.002280611
"2015-12-14 08:00:00",20271,600.4945,600.116,0,27.478,25.306,92.298,80.22,938.42,24.28399,23.43314,26.66826,84.76604,2.936042,2.606722,0.04271629
"2015-12-14 09:00:00",20272,600.4365,600.0366,0,30.13,27.309,80.5,62.093,1402.257,23.81692,21.7442,28.45905,71.93204,4.337708,3.895158,0.1105536
"2015-12-14 10:00:00",20273,600.4976,600.0092,0,32.277,29.189,65.714,53.232,2036.345,22.33071,20.9868,30.43745,60.03807,4.39125,5.656514,0.1660484
"2015-12-14 11:00:00",20274,600.7875,599.8168,1.016,36.162,30.619,57.76,43.357,2386.928,22.48505,20.98205,32.34883,52.78519,3.239234,6.630355,0.1591045
"2015-12-14 12:00:00",20275,600.6196,599.8077,0.508,36.193,30.99,61.587,43.672,46.42324,22.98259,21.68584,33.87915,51.7108,0.02895834,0.1289534,0.002496092
"2015-12-14 13:00:00",20276,711.9872,600.1771,0,31.678,30.88,63.115,60.248,6822.218,23.36539,-451.7608,"NAN",60.98677,0.001180556,18.95061,"NAN"
"2015-12-14 14:00:00",20277,711.8041,710.8242,0,"NAN","NAN",60.248,60.248,9997.375,-451.7608,-451.7608,"NAN",60.24804,0,27.77049,"NAN"
"2015-12-14 15:00:00",20278,712.2681,711.0318,0,"NAN","NAN",60.248,60.248,10002.18,-451.7608,-451.7608,"NAN",60.24804,0,27.78385,"NAN"
"2015-12-14 16:00:00",20279,711.511,711.0806,0,"NAN","NAN",60.248,60.248,10008.6,-451.7608,-451.7608,"NAN",60.24804,0,27.80168,"NAN"
"2015-12-14 17:00:00",20280,712.3597,711.1356,0,"NAN","NAN",60.248,60.248,10020.85,-451.7608,-451.7608,"NAN",60.24804,0,27.83569,"NAN"
"2015-12-14 18:00:00",20281,711.7888,711.0349,0,"NAN","NAN",60.248,60.248,10080.57,-451.7608,-451.7608,"NAN",60.24804,0,28.00159,"NAN"
"2015-12-14 19:00:00",20282,712.3047,711.1295,0,"NAN","NAN",60.248,60.248,10120.96,-451.7608,-451.7608,"NAN",60.24804,0,28.11376,"NAN"
"2015-12-14 20:00:00",20283,712.1674,711.215,0,"NAN","NAN",60.248,60.248,10148.33,-451.7608,-451.7608,"NAN",60.24804,0,28.18982,"NAN"
"2015-12-14 21:00:00",20284,713.1106,711.8987,0,"NAN","NAN",60.248,60.248,10020.12,-451.7608,-451.7608,"NAN",60.24804,0,27.83368,"NAN"
"2015-12-14 22:00:00",20285,713.1838,711.9537,0,"NAN","NAN",60.248,60.248,9957.53,-451.7608,-451.7608,"NAN",60.24804,0,27.65981,"NAN"
"2015-12-14 23:00:00",20286,713.1808,711.7736,0,"NAN","NAN",60.248,60.248,9937.884,-451.7608,-451.7608,"NAN",60.24804,0,27.60523,"NAN"
"2015-12-15 00:00:00",20287,713.1075,709.6918,0,"NAN","NAN",60.248,60.248,9984.518,-451.7608,-451.7608,"NAN",60.24804,0,27.73477,"NAN"
"2015-12-15 01:00:00",20288,712.8297,709.8871,0,"NAN","NAN",60.248,60.248,10040.31,-451.7608,-451.7608,"NAN",60.24804,0,27.88974,"NAN"
"2015-12-15 02:00:00",20289,711.2028,709.9085,0,"NAN","NAN",60.248,60.248,10046.39,-451.7608,-451.7608,"NAN",60.24804,0,27.90664,"NAN"
"2015-12-15 03:00:00",20290,711.2241,709.9329,0,"NAN","NAN",60.248,60.248,10050.52,-451.7608,-451.7608,"NAN",60.24804,0,27.91812,"NAN"
"2015-12-15 04:00:00",20291,710.9525,710.2504,0,"NAN","NAN",60.248,60.248,10119.68,-451.7608,-451.7608,"NAN",60.24804,0,28.11022,"NAN"
"2015-12-15 05:00:00",20292,711.9567,710.5648,0,"NAN","NAN",60.248,60.248,10175.87,-451.7608,-451.7608,"NAN",60.24804,0,28.26629,"NAN"
"2015-12-15 06:00:00",20293,712.1948,711.3981,0,"NAN","NAN",60.248,60.248,10169.41,-451.7608,-451.7608,"NAN",60.24804,0,28.24837,"NAN"
"2015-12-15 07:00:00",20294,712.3536,711.2485,0,"NAN","NAN",60.248,60.248,10179.16,-451.7608,-451.7608,"NAN",60.24804,0,28.27544,"NAN"
"2015-12-15 08:00:00",20295,712.3414,711.4592,0,"NAN","NAN",60.248,60.248,10182.96,-451.7608,-451.7608,"NAN",60.24804,0,28.28599,"NAN"
"2015-12-15 09:00:00",20296,712.1704,710.4976,0,"NAN","NAN",60.248,60.248,10177.12,-451.7608,-451.7608,"NAN",60.24804,0,28.26978,"NAN"
"2015-12-15 10:00:00",20297,711.5355,710.2748,0,"NAN","NAN",60.248,60.248,10121.93,-451.7608,-451.7608,"NAN",60.24804,0,28.11647,"NAN"
"2015-12-15 11:00:00",20298,711.215,709.9116,0,"NAN","NAN",60.248,60.248,10055.11,-451.7608,-451.7608,"NAN",60.24804,0,27.93085,"NAN"
"2015-12-15 12:00:00",20299,713.1472,709.9451,0,"NAN","NAN",60.248,60.248,10003.1,-451.7608,-451.7608,"NAN",60.24804,0,27.78639,"NAN"
"2015-12-15 13:00:00",20300,713.135,711.7644,0,"NAN","NAN",60.248,60.248,9943.376,-451.7608,-451.7608,"NAN",60.24804,0,27.62049,"NAN"
"2015-12-15 14:00:00",20301,712.9671,711.2546,0,"NAN","NAN",60.248,60.248,10042.67,-451.7608,-451.7608,"NAN",60.24804,0,27.89631,"NAN"
"2015-12-15 15:00:00",20302,712.3199,711.0287,0,"NAN","NAN",60.248,60.248,10128.09,-451.7608,-451.7608,"NAN",60.24804,0,28.13358,"NAN"
"2015-12-15 16:00:00",20303,712.2925,711.044,0,"NAN","NAN",60.248,60.248,10130.78,-451.7608,-451.7608,"NAN",60.24804,0,28.14105,"NAN"
"2015-12-15 17:00:00",20304,712.5764,711.1326,0,"NAN","NAN",60.248,60.248,10106.38,-451.7608,-451.7608,"NAN",60.24804,0,28.07329,"NAN"
"2015-12-15 18:00:00",20305,711.621,711.1783,0,"NAN","NAN",60.248,60.248,10091.15,-451.7608,-451.7608,"NAN",60.24804,0,28.03098,"NAN"
"2015-12-15 19:00:00",20306,712.6252,711.1906,0,"NAN","NAN",60.248,60.248,10102,-451.7608,-451.7608,"NAN",60.24804,0,28.06111,"NAN"
"2015-12-15 20:00:00",20307,712.5336,711.8254,0,"NAN","NAN",60.248,60.248,10047.03,-451.7608,-451.7608,"NAN",60.24804,0,27.90841,"NAN"
"2015-12-15 21:00:00",20308,713.0953,711.8254,0,"NAN","NAN",60.248,60.248,9927.83,-451.7608,-451.7608,"NAN",60.24804,0,27.5773,"NAN"
"2015-12-15 22:00:00",20309,713.1106,709.9451,0,"NAN","NAN",60.248,60.248,9950.355,-451.7608,-451.7608,"NAN",60.24804,0,27.63988,"NAN"
"2015-12-15 23:00:00",20310,713.1594,709.9848,0,"NAN","NAN",60.248,60.248,10047.68,-451.7608,-451.7608,"NAN",60.24804,0,27.91022,"NAN"
"2015-12-16 00:00:00",20311,713.0617,709.878,0,"NAN","NAN",60.248,60.248,10060.81,-451.7608,-451.7608,"NAN",60.24804,0,27.94669,"NAN"
"2015-12-16 01:00:00",20312,712.6558,709.9085,0,"NAN","NAN",60.248,60.248,10055.26,-451.7608,-451.7608,"NAN",60.24804,0,27.93127,"NAN"
"2015-12-16 02:00:00",20313,711.1692,710.0611,0,"NAN","NAN",60.248,60.248,10069.59,-451.7608,-451.7608,"NAN",60.24804,0,27.97108,"NAN"
"2015-12-16 03:00:00",20314,711.3829,710.2076,0,"NAN","NAN",60.248,60.248,10165.08,-451.7608,-451.7608,"NAN",60.24804,0,28.23634,"NAN"
"2015-12-16 04:00:00",20315,712.0452,710.5129,0,"NAN","NAN",60.248,60.248,10177.26,-451.7608,-451.7608,"NAN",60.24804,0,28.27017,"NAN"
"2015-12-16 05:00:00",20316,712.1826,710.6503,0,"NAN","NAN",60.248,60.248,10173.69,-451.7608,-451.7608,"NAN",60.24804,0,28.26025,"NAN"
"2015-12-16 06:00:00",20317,712.3597,711.4714,0,"NAN","NAN",60.248,60.248,10147.66,-451.7608,-451.7608,"NAN",60.24804,0,28.18794,"NAN"
"2015-12-16 07:00:00",20318,712.326,711.3493,0,"NAN","NAN",60.248,60.248,10200.17,-451.7608,-451.7608,"NAN",60.24804,0,28.3338,"NAN"
"2015-12-16 08:00:00",20319,712.3169,711.5141,0,"NAN","NAN",60.248,60.248,10211.78,-451.7608,-451.7608,"NAN",60.24804,0,28.36606,"NAN"
"2015-12-16 09:00:00",20320,712.378,711.5233,0,"NAN","NAN",60.248,60.248,10153.57,-451.7608,-451.7608,"NAN",60.24804,0,28.20436,"NAN"
"2015-12-16 10:00:00",20321,712.1338,710.6289,0,"NAN","NAN",60.248,60.248,10178.83,-451.7608,-451.7608,"NAN",60.24804,0,28.27452,"NAN"
"2015-12-16 11:00:00",20322,711.1997,710.4579,0,"NAN","NAN",60.248,60.248,10178.31,-451.7608,-451.7608,"NAN",60.24804,0,28.27307,"NAN"
"2015-12-16 12:00:00",20323,711.4714,710.4641,0,"NAN","NAN",60.248,60.248,10178.9,-451.7608,-451.7608,"NAN",60.24804,0,28.27473,"NAN"
"2015-12-16 13:00:00",20324,711.2424,710.2137,0,"NAN","NAN",60.248,60.248,10165.68,-451.7608,-451.7608,"NAN",60.24804,0,28.23801,"NAN"
"2015-12-16 14:00:00",20325,712.8878,709.8994,0,"NAN","NAN",60.248,60.248,10057.25,-451.7608,-451.7608,"NAN",60.24804,0,27.93682,"NAN"
"2015-12-16 15:00:00",20326,713.0984,709.9726,0,"NAN","NAN",60.248,60.248,10068.67,-451.7608,-451.7608,"NAN",60.24804,0,27.96853,"NAN"
"2015-12-16 16:00:00",20327,713.0342,709.9329,0,"NAN","NAN",60.248,60.248,10040.14,-451.7608,-451.7608,"NAN",60.24804,0,27.88928,"NAN"
"2015-12-16 17:00:00",20328,712.9274,710.0489,0,"NAN","NAN",60.248,60.248,9981.91,-451.7608,-451.7608,"NAN",60.24804,0,27.72753,"NAN"
"2015-12-16 18:00:00",20329,712.9488,712.0178,0,"NAN","NAN",60.248,60.248,9980.391,-451.7608,-451.7608,"NAN",60.24804,0,27.72331,"NAN"
"2015-12-16 19:00:00",20330,713.1075,712.1918,0,"NAN","NAN",60.248,60.248,10036.05,-451.7608,-451.7608,"NAN",60.24804,0,27.87792,"NAN"
"2015-12-16 20:00:00",20331,713.0831,710.229,0,"NAN","NAN",60.248,60.248,10083.74,-451.7608,-451.7608,"NAN",60.24804,0,28.0104,"NAN"
"2015-12-16 21:00:00",20332,713.135,709.8505,0,"NAN","NAN",60.248,60.248,10059.41,-451.7608,-451.7608,"NAN",60.24804,0,27.94281,"NAN"
"2015-12-16 22:00:00",20333,710.6533,709.9512,0,"NAN","NAN",60.248,60.248,10062.77,-451.7608,-451.7608,"NAN",60.24804,0,27.95214,"NAN"
"2015-12-16 23:00:00",20334,710.8425,710.2626,0,"NAN","NAN",60.248,60.248,10173.22,-451.7608,-451.7608,"NAN",60.24804,0,28.25896,"NAN"
"2015-12-17 00:00:00",20335,711.2546,710.4427,0,"NAN","NAN",60.248,60.248,10172.58,-451.7608,-451.7608,"NAN",60.24804,0,28.25716,"NAN"
"2015-12-17 01:00:00",20336,712.1124,710.6167,0,"NAN","NAN",60.248,60.248,10183.53,-451.7608,-451.7608,"NAN",60.24804,0,28.28759,"NAN"
"2015-12-17 02:00:00",20337,712.326,711.5233,0,"NAN","NAN",60.248,60.248,10161.44,-451.7608,-451.7608,"NAN",60.24804,0,28.22623,"NAN"
"2015-12-17 03:00:00",20338,712.3536,711.8499,0,"NAN","NAN",60.248,60.248,10175.17,-451.7608,-451.7608,"NAN",60.24804,0,28.26435,"NAN"
"2015-12-17 04:00:00",20339,712.4268,711.4378,0,"NAN","NAN",60.248,60.248,10268.86,-451.7608,-451.7608,"NAN",60.24804,0,28.52461,"NAN"
"2015-12-17 05:00:00",20340,712.6802,711.4866,0,"NAN","NAN",60.248,60.248,10286.66,-451.7608,-451.7608,"NAN",60.24804,0,28.57406,"NAN"
"2015-12-17 06:00:00",20341,712.2925,711.5812,0,"NAN","NAN",60.248,60.248,10376,-451.7608,-451.7608,"NAN",60.24804,0,28.82222,"NAN"
"2015-12-17 07:00:00",20342,713.3151,711.7339,0,"NAN","NAN",60.248,60.248,10434.92,-451.7608,-451.7608,"NAN",60.24804,0,28.9859,"NAN"
"2015-12-17 08:00:00",20343,713.4189,712.4024,0,"NAN","NAN",60.248,60.248,10387.24,-451.7608,-451.7608,"NAN",60.24804,0,28.85345,"NAN"
"2015-12-17 09:00:00",20344,713.4341,712.326,0,"NAN","NAN",60.248,60.248,10341.49,-451.7608,-451.7608,"NAN",60.24804,0,28.72637,"NAN"
"2015-12-17 10:00:00",20345,713.4616,711.853,0,"NAN","NAN",60.248,60.248,10357.79,-451.7608,-451.7608,"NAN",60.24804,0,28.77164,"NAN"
"2015-12-17 11:00:00",20346,712.729,711.1753,0,"NAN","NAN",60.248,60.248,10322.53,-451.7608,-451.7608,"NAN",60.24804,0,28.67369,"NAN"
"2015-12-17 12:00:00",20347,712.3536,711.1204,0,"NAN","NAN",60.248,60.248,10204.53,-451.7608,-451.7608,"NAN",60.24804,0,28.34593,"NAN"
"2015-12-17 13:00:00",20348,711.8499,710.226,0,"NAN","NAN",60.248,60.248,10181,-451.7608,-451.7608,"NAN",60.24804,0,28.28055,"NAN"
"2015-12-17 14:00:00",20349,711.1539,709.8719,0,"NAN","NAN",60.248,60.248,10106.26,-451.7608,-451.7608,"NAN",60.24804,0,28.07293,"NAN"
"2015-12-17 15:00:00",20350,713.0984,710.1893,0,"NAN","NAN",60.248,60.248,10076.63,-451.7608,-451.7608,"NAN",60.24804,0,27.99063,"NAN"
"2015-12-17 16:00:00",20351,713.0709,710.0611,0,"NAN","NAN",60.248,60.248,10080.7,-451.7608,-451.7608,"NAN",60.24804,0,28.00194,"NAN"
"2015-12-17 17:00:00",20352,713.0464,710.1344,0,"NAN","NAN",60.248,60.248,10048.08,-451.7608,-451.7608,"NAN",60.24804,0,27.91133,"NAN"
"2015-12-17 18:00:00",20353,712.9824,710.1802,0,"NAN","NAN",60.248,60.248,10034.78,-451.7608,-451.7608,"NAN",60.24804,0,27.87439,"NAN"
"2015-12-17 19:00:00",20354,711.157,709.8719,0,"NAN","NAN",60.248,60.248,10070.21,-451.7608,-451.7608,"NAN",60.24804,0,27.97282,"NAN"
"2015-12-17 20:00:00",20355,710.7235,710.2504,0,"NAN","NAN",60.248,60.248,10154.87,-451.7608,-451.7608,"NAN",60.24804,0,28.20796,"NAN"
"2015-12-17 21:00:00",20356,711.4592,710.4061,0,"NAN","NAN",60.248,60.248,10175.68,-451.7608,-451.7608,"NAN",60.24804,0,28.26577,"NAN"
"2015-12-17 22:00:00",20357,712.149,710.6564,0,"NAN","NAN",60.248,60.248,10152.39,-451.7608,-451.7608,"NAN",60.24804,0,28.20109,"NAN"
"2015-12-17 23:00:00",20358,712.3414,711.2485,0,"NAN","NAN",60.248,60.248,10149.01,-451.7608,-451.7608,"NAN",60.24804,0,28.19171,"NAN"
"2015-12-18 00:00:00",20359,712.3688,711.3248,0,"NAN","NAN",60.248,60.248,10260.59,-451.7608,-451.7608,"NAN",60.24804,0,28.50163,"NAN"
"2015-12-18 01:00:00",20360,712.4238,711.1539,0,"NAN","NAN",60.248,60.248,10260.94,-451.7608,-451.7608,"NAN",60.24804,0,28.50262,"NAN"
"2015-12-18 02:00:00",20361,712.4482,711.2394,0,"NAN","NAN",60.248,60.248,10358.05,-451.7608,-451.7608,"NAN",60.24804,0,28.77235,"NAN"
"2015-12-18 03:00:00",20362,713.254,711.6179,0,"NAN","NAN",60.248,60.248,10394.55,-451.7608,-451.7608,"NAN",60.24804,0,28.87376,"NAN"
"2015-12-18 04:00:00",20363,713.5471,712.2742,0,"NAN","NAN",60.248,60.248,10260.73,-451.7608,-451.7608,"NAN",60.24804,0,28.50203,"NAN"
"2015-12-18 05:00:00",20364,713.5745,712.3077,0,"NAN","NAN",60.248,60.248,10348.39,-451.7608,-451.7608,"NAN",60.24804,0,28.74552,"NAN"
"2015-12-18 06:00:00",20365,713.5104,712.6466,0,"NAN","NAN",60.248,60.248,10375.6,-451.7608,-451.7608,"NAN",60.24804,0,28.82112,"NAN"
"2015-12-18 07:00:00",20366,713.5379,712.1918,0,"NAN","NAN",60.248,60.248,10441.27,-451.7608,-451.7608,"NAN",60.24804,0,29.00353,"NAN"
"2015-12-18 08:00:00",20367,713.5959,712.2223,0,"NAN","NAN",60.248,60.248,10467.79,-451.7608,-451.7608,"NAN",60.24804,0,29.07719,"NAN"
"2015-12-18 09:00:00",20368,713.5562,712.2772,0,"NAN","NAN",60.248,60.248,10378.58,-451.7608,-451.7608,"NAN",60.24804,0,28.82939,"NAN"
"2015-12-18 10:00:00",20369,713.5196,712.0086,0,"NAN","NAN",60.248,60.248,10312.35,-451.7608,-451.7608,"NAN",60.24804,0,28.64542,"NAN"
"2015-12-18 11:00:00",20370,713.0922,711.1661,0,"NAN","NAN",60.248,60.248,10362.96,-451.7608,-451.7608,"NAN",60.24804,0,28.78601,"NAN"
"2015-12-18 12:00:00",20371,712.3536,711.508,0,"NAN","NAN",60.248,60.248,10234.44,-451.7608,-451.7608,"NAN",60.24804,0,28.42899,"NAN"
"2015-12-18 13:00:00",20372,712.0086,710.1741,0,"NAN","NAN",60.248,60.248,10167.54,-451.7608,-451.7608,"NAN",60.24804,0,28.24317,"NAN"
"2015-12-18 14:00:00",20373,711.2455,709.8322,0,"NAN","NAN",60.248,60.248,10148.75,-451.7608,-451.7608,"NAN",60.24804,0,28.19096,"NAN"
"2015-12-18 15:00:00",20374,713.0831,710.0031,0,"NAN","NAN",60.248,60.248,10043.79,-451.7608,-451.7608,"NAN",60.24804,0,27.89941,"NAN"
"2015-12-18 16:00:00",20375,713.0861,711.7766,0,"NAN","NAN",60.248,60.248,10080.92,-451.7608,-451.7608,"NAN",60.24804,0,28.00257,"NAN"
"2015-12-18 17:00:00",20376,713.1167,710.11,0,"NAN","NAN",60.248,60.248,10081.1,-451.7608,-451.7608,"NAN",60.24804,0,28.00305,"NAN"
"2015-12-18 18:00:00",20377,713.0892,710.1191,0,"NAN","NAN",60.248,60.248,10048.82,-451.7608,-451.7608,"NAN",60.24804,0,27.91338,"NAN"
"2015-12-18 19:00:00",20378,713.1045,709.8352,0,"NAN","NAN",60.248,60.248,10038.05,-451.7608,-451.7608,"NAN",60.24804,0,27.88348,"NAN"
"2015-12-18 20:00:00",20379,711.1204,709.8475,0,"NAN","NAN",60.248,60.248,10131.99,-451.7608,-451.7608,"NAN",60.24804,0,28.14442,"NAN"
"2015-12-18 21:00:00",20380,710.8486,710.3359,0,"NAN","NAN",60.248,60.248,10162.23,-451.7608,-451.7608,"NAN",60.24804,0,28.22841,"NAN"
"2015-12-18 22:00:00",20381,712.0574,710.4946,0,"NAN","NAN",60.248,60.248,10155.54,-451.7608,-451.7608,"NAN",60.24804,0,28.20984,"NAN"
"2015-12-18 23:00:00",20382,712.3108,711.3248,0,"NAN","NAN",60.248,60.248,10159.39,-451.7608,-451.7608,"NAN",60.24804,0,28.22054,"NAN"
"2015-12-19 00:00:00",20383,712.3658,711.9232,0,"NAN","NAN",60.248,60.248,10266.1,-451.7608,-451.7608,"NAN",60.24804,0,28.51696,"NAN"
"2015-12-19 01:00:00",20384,712.4512,711.1417,0,"NAN","NAN",60.248,60.248,10268.6,-451.7608,-451.7608,"NAN",60.24804,0,28.52388,"NAN"
"2015-12-19 02:00:00",20385,712.4634,711.1661,0,"NAN","NAN",60.248,60.248,10361.96,-451.7608,-451.7608,"NAN",60.24804,0,28.78323,"NAN"
"2015-12-19 03:00:00",20386,712.2864,711.4714,0,"NAN","NAN",60.248,60.248,10412.66,-451.7608,-451.7608,"NAN",60.24804,0,28.92407,"NAN"
"2015-12-19 04:00:00",20387,713.3731,711.8224,0,"NAN","NAN",60.248,60.248,10261.18,-451.7608,-451.7608,"NAN",60.24804,0,28.50327,"NAN"
"2015-12-19 05:00:00",20388,713.6234,712.3566,0,"NAN","NAN",60.248,60.248,10325.6,-451.7608,-451.7608,"NAN",60.24804,0,28.68223,"NAN"
"2015-12-19 06:00:00",20389,713.5349,712.3047,0,"NAN","NAN",60.248,60.248,10364.48,-451.7608,-451.7608,"NAN",60.24804,0,28.79021,"NAN"
"2015-12-19 07:00:00",20390,713.5135,712.4329,0,"NAN","NAN",60.248,60.248,10412.77,-451.7608,-451.7608,"NAN",60.24804,0,28.92435,"NAN"
"2015-12-19 08:00:00",20391,713.5745,712.2681,0,"NAN","NAN",60.248,60.248,10469.14,-451.7608,-451.7608,"NAN",60.24804,0,29.08093,"NAN"
"2015-12-19 09:00:00",20392,713.5715,712.3627,0,"NAN","NAN",60.248,60.248,10383.9,-451.7608,-451.7608,"NAN",60.24804,0,28.84417,"NAN"
"2015-12-19 10:00:00",20393,713.5501,711.8987,0,"NAN","NAN",60.248,60.248,10306.78,-451.7608,-451.7608,"NAN",60.24804,0,28.62995,"NAN"
"2015-12-19 11:00:00",20394,713.2784,711.2485,0,"NAN","NAN",60.248,60.248,10341.47,-451.7608,-451.7608,"NAN",60.24804,0,28.7263,"NAN"
"2015-12-19 12:00:00",20395,712.3536,711.1051,0,"NAN","NAN",60.248,60.248,10214.86,-451.7608,-451.7608,"NAN",60.24804,0,28.37461,"NAN"
"2015-12-19 13:00:00",20396,711.4561,710.1069,0,"NAN","NAN",60.248,60.248,10166.18,-451.7608,-451.7608,"NAN",60.24804,0,28.23938,"NAN"
"2015-12-19 14:00:00",20397,712.8939,709.8841,0,"NAN","NAN",60.248,60.248,10136.12,-451.7608,-451.7608,"NAN",60.24804,0,28.15589,"NAN"
"2015-12-19 15:00:00",20398,713.1289,710.0794,0,"NAN","NAN",60.248,60.248,10057.86,-451.7608,-451.7608,"NAN",60.24804,0,27.93851,"NAN"
"2015-12-19 16:00:00",20399,713.077,710.0001,0,"NAN","NAN",60.248,60.248,10079.13,-451.7608,-451.7608,"NAN",60.24804,0,27.99758,"NAN"
"2015-12-19 17:00:00",20400,713.1381,711.9476,0,"NAN","NAN",60.248,60.248,10084.18,-451.7608,-451.7608,"NAN",60.24804,0,28.01161,"NAN"
"2015-12-19 18:00:00",20401,713.1198,710.0886,0,"NAN","NAN",60.248,60.248,10085.57,-451.7608,-451.7608,"NAN",60.24804,0,28.01547,"NAN"
"2015-12-19 19:00:00",20402,713.1106,710.1039,0,"NAN","NAN",60.248,60.248,10048.58,-451.7608,-451.7608,"NAN",60.24804,0,27.91272,"NAN"
"2015-12-19 20:00:00",20403,712.1674,709.823,0,"NAN","NAN",60.248,60.248,10089.71,-451.7608,-451.7608,"NAN",60.24804,0,28.02698,"NAN"
"2015-12-19 21:00:00",20404,710.7815,710.2076,0,"NAN","NAN",60.248,60.248,10160.86,-451.7608,-451.7608,"NAN",60.24804,0,28.22462,"NAN"
"2015-12-19 22:00:00",20405,711.5416,710.4549,0,"NAN","NAN",60.248,60.248,10162.86,-451.7608,-451.7608,"NAN",60.24804,0,28.23017,"NAN"
"2015-12-19 23:00:00",20406,712.3291,711.4012,0,"NAN","NAN",60.248,60.248,10153.53,-451.7608,-451.7608,"NAN",60.24804,0,28.20425,"NAN"
"2015-12-20 00:00:00",20407,712.3688,711.566,0,"NAN","NAN",60.248,60.248,10263.86,-451.7608,-451.7608,"NAN",60.24804,0,28.51073,"NAN"
"2015-12-20 01:00:00",20408,712.4848,711.1539,0,"NAN","NAN",60.248,60.248,10273.35,-451.7608,-451.7608,"NAN",60.24804,0,28.53707,"NAN"
"2015-12-20 02:00:00",20409,713.1777,711.2455,0,"NAN","NAN",60.248,60.248,10392.91,-451.7608,-451.7608,"NAN",60.24804,0,28.86919,"NAN"
"2015-12-20 03:00:00",20410,713.3792,711.6515,0,"NAN","NAN",60.248,60.248,10330.78,-451.7608,-451.7608,"NAN",60.24804,0,28.69662,"NAN"
"2015-12-20 04:00:00",20411,713.5471,712.3749,0,"NAN","NAN",60.248,60.248,10283.59,-451.7608,-451.7608,"NAN",60.24804,0,28.56552,"NAN"
"2015-12-20 05:00:00",20412,713.5593,712.4238,0,"NAN","NAN",60.248,60.248,10361,-451.7608,-451.7608,"NAN",60.24804,0,28.78056,"NAN"
"2015-12-20 06:00:00",20413,713.5379,712.1796,0,"NAN","NAN",60.248,60.248,10414.75,-451.7608,-451.7608,"NAN",60.24804,0,28.92987,"NAN"
"2015-12-20 07:00:00",20414,713.5318,712.2009,0,"NAN","NAN",60.248,60.248,10490.28,-451.7608,-451.7608,"NAN",60.24804,0,29.13967,"NAN"
"2015-12-20 08:00:00",20415,713.544,712.2437,0,"NAN","NAN",60.248,60.248,10513.01,-451.7608,-451.7608,"NAN",60.24804,0,29.2028,"NAN"
"2015-12-20 09:00:00",20416,713.4738,712.0818,0,"NAN","NAN",60.248,60.248,10475.76,-451.7608,-451.7608,"NAN",60.24804,0,29.09933,"NAN"
"2015-12-20 10:00:00",20417,713.5623,712.2925,0,"NAN","NAN",60.248,60.248,10359.69,-451.7608,-451.7608,"NAN",60.24804,0,28.77693,"NAN"
"2015-12-20 11:00:00",20418,713.5104,711.6637,0,"NAN","NAN",60.248,60.248,10328.06,-451.7608,-451.7608,"NAN",60.24804,0,28.68906,"NAN"
"2015-12-20 12:00:00",20419,712.8267,711.1326,0,"NAN","NAN",60.248,60.248,10306.14,-451.7608,-451.7608,"NAN",60.24804,0,28.62817,"NAN"
"2015-12-20 13:00:00",20420,712.3353,711.1936,0,"NAN","NAN",60.248,60.248,10182.28,-451.7608,-451.7608,"NAN",60.24804,0,28.28411,"NAN"
"2015-12-20 14:00:00",20421,711.9872,710.2412,0,"NAN","NAN",60.248,60.248,10161.69,-451.7608,-451.7608,"NAN",60.24804,0,28.22691,"NAN"
"2015-12-20 15:00:00",20422,711.1112,710.1313,0,"NAN","NAN",60.248,60.248,10127.82,-451.7608,-451.7608,"NAN",60.24804,0,28.13283,"NAN"
"2015-12-20 16:00:00",20423,713.1228,710.0917,0,"NAN","NAN",60.248,60.248,10033.06,-451.7608,-451.7608,"NAN",60.24804,0,27.86962,"NAN"
"2015-12-20 17:00:00",20424,713.1075,710.1283,0,"NAN","NAN",60.248,60.248,10035.65,-451.7608,-451.7608,"NAN",60.24804,0,27.8768,"NAN"
"2015-12-20 18:00:00",20425,712.2284,710.1832,0,"NAN","NAN",60.248,60.248,10025.2,-451.7608,-451.7608,"NAN",60.24804,0,27.84777,"NAN"
"2015-12-20 19:00:00",20426,712.2681,709.8138,0,"NAN","NAN",60.248,60.248,10041.09,-451.7608,-451.7608,"NAN",60.24804,0,27.89192,"NAN"
"2015-12-20 20:00:00",20427,711.8926,710.226,0,"NAN","NAN",60.248,60.248,10140.57,-451.7608,-451.7608,"NAN",60.24804,0,28.16825,"NAN"
"2015-12-20 21:00:00",20428,711.4409,711.1844,0,"NAN","NAN",0,0,254.9926,-451.7608,-451.7608,"NAN",0,0,28.33251,"NAN"
