"TOA5","CR200Series","CR200X","No_SN","CR200X.Std.02","estacaoAtual.CR2","15733","Table1"
"TIMESTAMP","RECORD","BP_mbar_Max","BP_mbar_Min","Rain_mm_Tot","AirTC_Max","AirTC_Min","RH_Max","RH_Min","SlrkJ_Tot","TdC_Max","TdC_Min","AirTC_Avg","RH_Avg","WS_ms_Avg","SlrkJ_Avg","ETo"
"TS","RN","mbar","mbar","mm","Deg C","Deg C","%","%","kJ/m^2","Deg C","Deg C","Deg C","%","meters/sec","kJ/m^2",""
"","","Max","Min","Tot","Max","Min","Max","Min","Tot","Max","Min","Avg","Avg","Avg","Avg","ETo"
"2016-10-01 00:00:00",23176,619.9084,599.765,0,24.854,24.093,77.302,70.64,1952.45,19.99494,19.1413,24.43748,75.06146,0.8527775,5.423471,0.01998748
"2016-10-01 01:00:00",23177,600.8883,599.8412,0,24.163,23.752,81.604,77.191,1975.583,20.53131,19.86045,23.93761,78.75188,1.106389,5.48773,0.02049731
"2016-10-01 02:00:00",23178,619.8718,599.9329,0,23.912,23.331,87.531,81.168,2028.856,21.24916,20.3972,23.59872,85.18576,1.340487,5.63571,0.01670027
"2016-10-01 03:00:00",23179,619.8688,599.7497,0,23.43,23.06,89.328,87.25,2044.565,21.35297,21.15132,23.30408,88.28571,1.592152,5.679347,0.01493774
"2016-10-01 04:00:00",23180,620.3694,599.7222,0,23.07,22.57,90.738,89.266,1959.506,21.26334,20.92148,22.81873,89.85278,0.3844446,5.443074,0.005801573
"2016-10-01 05:00:00",23181,600.9005,599.7558,0,22.619,22.108,92.984,90.574,1821.389,21.11643,20.85467,22.3557,91.88457,0.1064584,5.059414,0.003127051
"2016-10-01 06:00:00",23182,619.8016,599.7955,0,23.241,22.268,92.875,89.8,1824.225,21.49237,21.0578,22.56813,92.11948,0.34375,5.067293,0.00461313
"2016-10-01 07:00:00",23183,620.2869,599.9298,0,23.912,23.232,89.804,87.254,2146.759,21.76923,21.46072,23.5911,88.7012,1.75125,5.963218,0.02231858
"2016-10-01 08:00:00",23184,619.7375,599.7344,0,26.726,23.842,87.258,70.052,2869.65,21.68101,20.67037,24.96554,80.1014,2.507083,7.971251,0.05019099
"2016-10-01 09:00:00",23185,600.8914,599.7314,0,29.189,26.538,71.031,58.917,3837.048,21.22827,20.14712,27.86867,64.81938,3.027986,10.65847,0.1063872
"2016-10-01 10:00:00",23186,620.0427,599.7955,0,30.91,28.089,61.81,53.147,3440.516,20.97226,19.92958,29.28981,58.2909,2.660277,9.55699,0.1150491
"2016-10-01 11:00:00",23187,600.9249,599.8535,0,32.808,29.59,58.009,47.122,3783.196,21.24679,19.28201,30.80519,52.6182,2.452916,10.50888,0.1256015
"2016-10-01 12:00:00",23188,619.9115,599.8107,0,34.105,30.22,52.171,41.593,4037.522,20.20252,18.83737,32.13969,46.90178,2.20632,11.21534,0.1315766
"2016-10-01 13:00:00",23189,620.0549,599.7009,0,34.435,32.338,45.878,37.476,4156.005,19.97383,17.66425,33.40952,41.90564,2.441804,11.54446,0.1595846
"2016-10-01 14:00:00",23190,620.061,599.9268,0,36.041,32.617,42.205,33.706,3614.946,19.26512,17.00874,34.10491,38.33591,2.260903,10.04152,0.1588996
"2016-10-01 15:00:00",23191,620.1923,599.8351,0,36.43,33.775,37.914,31.208,3180.4,17.98838,16.20762,34.90214,34.81849,1.784931,8.834445,0.1374012
"2016-10-01 16:00:00",23192,619.9634,599.9054,0,36.123,33.677,36.64,30.804,2679.885,17.44458,15.83887,35.13538,32.93316,1.754167,7.444127,0.1384559
"2016-10-01 17:00:00",23193,600.9615,599.8565,0,35.453,34.205,34.814,31.753,2239.152,16.77327,15.72666,34.91418,33.02256,1.587986,6.219866,0.1252804
"2016-10-01 18:00:00",23194,620.0916,599.8871,0,34.626,32.568,36.357,33.541,1833.748,16.51359,15.592,33.59479,34.9313,1.223056,5.093745,0.09388337
"2016-10-01 19:00:00",23195,620.1008,599.8443,0,32.568,29.88,53.872,36.343,1790.571,19.57637,15.46057,31.41143,42.77287,1.42875,4.973808,0.07521018
"2016-10-01 20:00:00",23196,620.0886,599.7344,0,29.88,28.04,63.281,53.933,1879.143,20.46234,19.5345,28.92969,58.8908,1.871665,5.219841,0.06232657
"2016-10-01 21:00:00",23197,620.4518,599.7955,0,28.048,26.598,68.394,63.31,1919.689,20.49844,20.27085,27.30737,65.8831,1.313889,5.33247,0.03904161
"2016-10-01 22:00:00",23198,620.348,599.7985,0,26.598,25.716,70.688,67.904,1935.475,20.30961,19.82114,26.0769,69.15913,0.7879862,5.37632,0.02373202
"2016-10-01 23:00:00",23199,620.403,599.7436,0,25.724,24.995,78.148,70.688,1966.175,20.95276,20.0059,25.3502,74.78227,1.601666,5.461598,0.0319358
"2016-10-02 00:00:00",23200,620.3602,599.7741,0,24.995,24.375,84.656,78.148,2011.326,21.68413,20.93624,24.62336,82.08899,1.426458,5.587016,0.02116852
"2016-10-02 01:00:00",23201,620.3785,599.9084,0,24.414,24.034,86.3,84.684,2007.859,21.7139,21.56456,24.19751,85.65359,1.141597,5.577385,0.01489956
"2016-10-02 02:00:00",23202,620.3236,599.7955,0,24.112,23.672,87.688,86.178,1956.257,21.68669,21.4757,23.88774,86.90013,0.6709028,5.434046,0.009750513
"2016-10-02 03:00:00",23203,620.3358,599.765,0,23.722,23.01,89.785,87.59,1877.178,21.58942,21.18195,23.39385,88.64593,0.2959028,5.214384,0.005407733
"2016-10-02 04:00:00",23204,600.9188,599.768,0,23.03,22.619,90.052,82.556,1791.48,21.3269,19.79957,22.82187,87.65747,0.4077083,4.976333,0.006615
"2016-10-02 05:00:00",23205,600.8364,599.8107,0,22.92,22.448,82.496,78.75,1783.831,19.78687,18.60715,22.70976,79.68304,0.1943056,4.955085,0.005968092
"2016-10-02 06:00:00",23206,600.116,599.7344,0,22.47,21.788,80.228,78.625,1702.881,18.64107,18.20621,22.10069,79.29656,0,4.730226,0.002276713
"2016-10-02 07:00:00",23207,600.8883,599.7802,0,24.003,21.817,79.92,69.652,1967.712,18.59,18.08179,22.86412,75.73179,0.2756945,5.465866,0.01112132
"2016-10-02 08:00:00",23208,620.406,599.765,0,26.418,23.952,70.199,59.357,2782.382,18.47136,17.78143,25.15491,65.13603,1.83875,7.728839,0.06544254
"2016-10-02 09:00:00",23209,619.8718,599.8107,0,28.9,26.177,60.425,51.976,3501.5,18.45578,17.70325,27.4755,56.20128,2.161736,9.72639,0.09822478
"2016-10-02 10:00:00",23210,620.3236,599.7955,0,30.59,27.82,55.291,46.662,4034.942,18.56217,17.47213,29.43652,50.20399,2.435278,11.20817,0.1279924
"2016-10-02 11:00:00",23211,619.942,599.8901,0,32.318,30.279,48.732,41.425,4418.616,18.85189,16.99667,31.13498,44.95375,2.34618,12.27393,0.141524
"2016-10-02 12:00:00",23212,619.942,599.8412,0,33.248,31.201,46.087,36.621,4589.352,18.35734,15.99574,32.36018,40.2902,2.623402,12.7482,0.1716971
"2016-10-02 13:00:00",23213,620.0671,599.8565,0,34.396,32.438,40.581,33.742,4399.178,18.16818,15.91749,33.54986,36.7965,2.748749,12.21994,0.1919773
"2016-10-02 14:00:00",23214,620.0671,599.9023,0,35.183,33.238,37.205,32.248,4067.001,18.12785,15.92271,34.36051,34.61588,2.185486,11.29722,0.1648352
"2016-10-02 15:00:00",23215,600.9158,599.7955,0,36.283,33.775,35.701,29.491,3504.875,17.53819,15.06596,35.2722,31.63757,1.890833,9.735764,0.1527632
"2016-10-02 16:00:00",23216,620.1191,599.7344,0,36.261,35.292,31.614,28.031,2795.578,16.36449,14.76708,35.70311,29.59031,2.390139,7.765495,0.1923849
"2016-10-02 17:00:00",23217,620.1526,599.7497,0,35.851,35.074,30.712,28.556,2175.783,15.54389,14.76058,35.39767,29.88166,1.850694,6.043841,0.1510106
"2016-10-02 18:00:00",23218,620.0916,599.829,0,35.253,33.507,32.12,29.831,1841.875,15.43115,14.54041,34.28454,31.32971,1.579444,5.116319,0.125661
"2016-10-02 19:00:00",23219,620.0825,599.9329,0,33.526,29.77,56.902,31.968,1834.35,20.3625,14.39536,31.51405,46.49409,2.287014,5.095417,0.09881427
"2016-10-02 20:00:00",23220,620.0183,599.8962,0,29.77,27.919,62.301,56.963,1957.13,20.45405,19.95079,28.78576,59.98976,2.286667,5.436473,0.06909508
"2016-10-02 21:00:00",23221,620.0519,599.6856,0,27.919,26.568,65.519,62.301,1964.893,20.11131,19.58149,27.10735,64.4836,1.789514,5.458037,0.0500325
"2016-10-02 22:00:00",23222,620.4335,599.8871,0,26.578,25.788,69.691,65.511,1957.467,19.87598,19.56496,26.15774,67.47214,1.711666,5.437409,0.04346994
"2016-10-02 23:00:00",23223,620.3846,599.7619,0,25.817,25.094,75,69.602,1940.609,20.41721,19.78373,25.40463,72.502,1.383681,5.390582,0.03144288
"2016-10-03 00:00:00",23224,619.9542,599.7344,0,25.094,24.554,79.304,75.023,1949.524,20.79192,20.35365,24.83991,77.33578,1.450348,5.415344,0.02667637
"2016-10-03 01:00:00",23225,619.8627,599.9451,0,24.574,24.173,81.082,79.268,1934.458,20.85977,20.72641,24.36504,80.4604,1.164305,5.373496,0.01985082
"2016-10-03 02:00:00",23226,619.8871,599.8871,0,24.182,23.532,82.298,80.695,1909.296,20.75842,20.31937,23.97689,81.14145,0.5777084,5.303599,0.011804
"2016-10-03 03:00:00",23227,600.931,599.8871,0,23.542,23.161,83.386,78.384,1767.753,20.3773,19.40147,23.31988,81.44512,0.09694445,4.910424,0.004063977
"2016-10-03 04:00:00",23228,619.8199,599.9023,0,23.382,22.759,81.21,72.957,1733.278,19.51224,18.2266,23.09439,77.9561,0.1054861,4.814661,0.004527205
"2016-10-03 05:00:00",23229,600.8486,599.7283,0,23.331,22.79,73.042,71.766,1759.693,18.24515,17.62129,23.12661,72.36744,0.4984721,4.888036,0.01421574
"2016-10-03 06:00:00",23230,600.8608,599.7497,0,22.78,22.038,74.718,72.699,1726.796,17.65335,17.33787,22.33945,73.98245,0.05548611,4.796657,0.0036899
"2016-10-03 07:00:00",23231,620.29,599.7802,0,23.952,22.078,74.55,66.968,1935.505,17.55386,17.33691,22.80669,71.65552,0.5794443,5.376403,0.02013619
"2016-10-03 08:00:00",23232,619.8749,599.8412,0,27.088,23.964,67.152,57.218,2745.65,17.98395,17.29468,25.50241,61.38451,1.74736,7.626806,0.06938422
"2016-10-03 09:00:00",23233,620.3785,599.8901,0,29.07,26.796,57.203,49.554,3509.592,18.20857,17.25789,27.83908,53.70852,1.91889,9.748866,0.09447864
"2016-10-03 10:00:00",23234,620.0183,599.8443,0,31.07,28.228,52.414,42.533,4065.772,17.93793,16.79226,29.71828,47.30011,2.239722,11.29381,0.1267296
"2016-10-03 11:00:00",23235,620.3846,599.765,0,31.938,30.08,45.395,41.16,4365.121,17.95307,16.42528,31.04761,43.28582,2.86868,12.12533,0.171413
"2016-10-03 12:00:00",23236,600.9463,599.8871,0,33.238,31.048,44.073,37.407,4436.62,18.20123,16.46456,32.15751,40.78648,2.572083,12.32395,0.1666652
"2016-10-03 13:00:00",23237,619.9756,599.7344,0,34.455,32.398,40.833,35.001,4516.328,17.92942,16.52395,33.35804,37.92465,2.466249,12.54536,0.1719664
"2016-10-03 14:00:00",23238,620.1282,599.9359,0,34.786,32.847,39.789,34.05,3793.135,17.4239,16.02411,33.82013,35.86165,2.396042,10.53649,0.1729479
"2016-10-03 15:00:00",23239,620.1649,599.9084,0,35.484,33.746,35.732,31.226,3464.614,17.01469,15.37744,34.66807,33.23774,2.259652,9.623926,0.1725817
"2016-10-03 16:00:00",23240,619.9512,599.9084,0,35.771,34.435,33.302,29.972,2824.744,16.29609,14.92524,34.98846,31.36762,2.492777,7.846512,0.192534
"2016-10-03 17:00:00",23241,620.1923,599.9329,0,35.054,34.105,32.168,30.266,2250.795,15.65826,14.77129,34.60492,31.32223,1.859375,6.252207,0.1469966
"2016-10-03 18:00:00",23242,620.1404,599.7344,0,34.275,32.378,34.201,31.188,1864.609,15.15631,14.58193,33.37392,32.71826,1.587222,5.17947,0.1220663
"2016-10-03 19:00:00",23243,600.9463,599.8871,0,32.378,31.09,37.228,34.16,1821.912,14.8549,14.49827,31.77312,35.55616,1.40375,5.060868,0.0840594
"2016-10-03 20:00:00",23244,600.928,599.7924,0,31.109,29.68,48.008,37.188,1859.618,17.74003,14.75811,30.28149,40.64425,0.7370834,5.165606,0.04523747
"2016-10-03 21:00:00",23245,620.3969,599.7405,0,29.9,27.669,59.814,48.135,1910.646,19.16995,17.75461,28.78535,53.77996,1.806528,5.30735,0.06794813
"2016-10-03 22:00:00",23246,620.4701,599.9451,0,27.659,26.096,67.336,59.72,1946.235,19.65464,19.13178,26.84581,64.07829,1.018819,5.406208,0.03369832
"2016-10-03 23:00:00",23247,620.3999,599.7497,0,26.087,25.265,72.27,67.426,1893.662,20.00014,19.55712,25.65884,69.73352,0.3714583,5.260172,0.01315902
"2016-10-04 00:00:00",23248,620.0061,599.829,0,25.365,24.716,76.648,71.949,1903.877,20.39199,19.92025,25.04912,73.8925,0.7479864,5.288547,0.01917412
"2016-10-04 01:00:00",23249,619.8718,599.8107,0,24.754,24.163,82.378,76.586,1898.636,21.05672,20.3587,24.43264,79.21608,0.4990973,5.273989,0.0116575
"2016-10-04 02:00:00",23250,620.3694,599.8077,0,24.182,23.542,87.23,82.348,1939.643,21.41215,20.97871,23.85612,85.10349,0.4577778,5.387896,0.008442481
"2016-10-04 03:00:00",23251,620.3633,599.7894,0,23.542,23.03,90.582,87.195,1880.06,21.47206,21.15624,23.19846,89.16133,0.2819445,5.222389,0.005127442
"2016-10-04 04:00:00",23252,620.3969,599.765,0,23.09,22.678,92.18,90.468,1926.07,21.51751,21.32652,22.90041,91.33607,0.3725,5.350195,0.005181327
"2016-10-04 05:00:00",23253,620.3267,599.7375,0,22.72,22.048,93.109,92.039,1874.385,21.3848,20.82998,22.39393,92.50239,0.07520833,5.206626,0.002922086
"2016-10-04 06:00:00",23254,620.2869,599.7344,0,22.148,21.445,93.598,86.367,1781.287,20.99962,19.37611,21.71099,91.26665,0.02180555,4.948019,0.002482919
"2016-10-04 07:00:00",23255,600.8975,599.8718,0,23.932,21.666,88.254,70.058,2032.815,20.04375,18.10113,22.85626,78.10598,0.9604861,5.646708,0.02409426
"2016-10-04 08:00:00",23256,619.9268,599.7802,0,26.857,23.782,70.542,57.748,2677.921,18.50798,17.77182,25.21784,64.79163,1.643264,7.438671,0.06018184
"2016-10-04 09:00:00",23257,619.884,599.826,0,28.88,26.337,59.451,50.859,3399.758,18.32998,17.19249,27.67567,54.59529,1.419652,9.443771,0.0720432
"2016-10-04 10:00:00",23258,619.9329,599.7802,0,31.201,28.178,52.317,42.806,3660.934,18.24516,17.01748,29.53892,48.2326,1.934027,10.16926,0.1092396
"2016-10-04 11:00:00",23259,620.0458,599.7497,0,32.699,30.208,46.123,37.343,4080.51,17.73614,16.172,31.61741,41.6706,2.530138,11.33475,0.159807
"2016-10-04 12:00:00",23260,620.1221,599.7466,0,33.207,30.92,42.483,36.787,3653.727,17.65645,15.99476,32.24689,39.01912,2.651596,10.14924,0.1744759
"2016-10-04 13:00:00",23261,619.9634,599.7222,0,34.774,31.839,40.829,33.494,3979.541,17.54164,15.83455,33.24197,36.42546,2.302292,11.05428,0.1645603
"2016-10-04 14:00:00",23262,620.0947,599.7344,0,34.894,32.648,36.988,32.128,3472.721,17.14797,15.44544,33.76247,34.7841,2.143542,9.646448,0.1589385
"2016-10-04 15:00:00",23263,619.5818,599.9115,0,35.583,33.248,36.23,31.023,3470.985,17.33264,15.42107,34.40314,33.44889,1.98264,9.641626,0.1530349
"2016-10-04 16:00:00",23264,620.0825,599.8412,0,35.841,33.687,34.109,30.066,2962.175,16.33723,14.9805,34.83583,31.61164,2.257153,8.228264,0.1758505
"2016-10-04 17:00:00",23265,620.1038,599.8901,0,34.645,33.587,33.83,31.708,2340.339,15.92171,15.07688,34.15321,32.75752,1.961042,6.500943,0.150088
"2016-10-04 18:00:00",23266,620.174,599.8107,0,34.205,32.117,35.812,32.695,1969.746,15.80676,14.97228,33.15941,34.082,1.220555,5.471517,0.09456457
"2016-10-04 19:00:00",23267,620.0916,599.7802,0,32.117,30.369,39.404,35.669,1904.466,15.22655,15.01504,31.30468,37.5428,0.4984027,5.290184,0.03505447
"2016-10-04 20:00:00",23268,600.0702,599.8871,0,30.38,29.041,42.443,39.329,1918.673,15.11386,14.90355,29.67466,40.9331,0,5.329647,0.002894942
"2016-10-04 21:00:00",23269,600.9799,599.7405,0,29.56,28.728,46.89,42.208,1913.195,16.36091,14.9179,29.13445,44.76832,1.35875,5.314431,0.06648324
"2016-10-04 22:00:00",23270,620.3602,599.8443,0,28.76,27.358,52.279,46.855,1905.929,16.76886,16.26884,28.05325,49.41355,1.075695,5.294248,0.04994465
"2016-10-04 23:00:00",23271,620.0764,599.9329,0,27.45,25.917,66.855,52.152,1925.181,19.30425,16.72236,26.72911,58.16455,1.278472,5.347725,0.04584338
"2016-10-05 00:00:00",23272,619.9359,599.7497,0,25.936,24.825,74.623,66.918,1963.159,20.07335,19.3184,25.32862,71.43972,0.7965967,5.453218,0.02196299
"2016-10-05 01:00:00",23273,600.9493,599.7955,0,24.876,24.112,79.602,74.592,1968.579,20.46343,20.01114,24.59953,76.8586,0.6995834,5.468276,0.01632476
"2016-10-05 02:00:00",23274,600.8822,599.826,0,24.112,23.532,85.449,79.602,1885.199,20.99565,20.35608,23.72334,82.92952,0.1686111,5.236664,0.00517819
"2016-10-05 03:00:00",23275,600.9066,599.9084,0,23.562,22.93,90.164,85.416,1835.873,21.41236,20.90354,23.24018,88.12546,0,5.099648,0.002419136
"2016-10-05 04:00:00",23276,600.8181,599.7344,0,23.12,22.589,91.869,89.855,1807.854,21.49389,21.13742,22.88742,90.87511,0,5.021817,0.002370325
"2016-10-05 05:00:00",23277,600.9219,599.7802,0,22.75,22.509,92.57,91.754,1780.873,21.40337,21.2311,22.62441,92.24831,0,4.946869,0.002329802
"2016-10-05 06:00:00",23278,600.9463,599.765,0,22.609,22.348,93.512,92.394,1797.858,21.47418,21.16375,22.4981,92.97154,0,4.994051,0.002343717
"2016-10-05 07:00:00",23279,620.3113,599.8168,0,24.284,22.448,93.523,88.422,2072.837,22.30996,21.33361,23.14063,91.9299,0.2306945,5.757882,0.006563481
"2016-10-05 08:00:00",23280,620.3113,599.7375,0,26.857,24.284,88.453,70.964,2654.953,22.55376,21.05046,25.52321,80.03071,1.366389,7.37487,0.03196177
"2016-10-05 09:00:00",23281,620.3236,599.7955,0,29.82,26.758,71.934,54.2,3909.322,21.34838,19.2938,28.09196,62.80695,2.286319,10.85923,0.09023616
"2016-10-05 10:00:00",23282,620.0458,599.7772,0,31.548,28.81,56.96,46.855,4388.798,19.9689,18.41367,30.49042,50.64925,2.640764,12.19111,0.1390685
"2016-10-05 11:00:00",23283,620.3999,599.7802,0,33.218,31.369,47.884,41.214,4804.752,19.3502,17.83041,32.35384,44.17476,2.129097,13.34653,0.1359143
"2016-10-05 12:00:00",23284,620.0702,599.7589,0,34.786,32.218,44.517,36.894,4927.053,19.60123,17.58395,33.6218,40.1932,1.797986,13.68626,0.1286624
"2016-10-05 13:00:00",23285,620.1313,599.768,0,36.201,33.974,40.179,33.306,4870.431,18.76942,16.99813,34.84096,36.48832,1.834999,13.52897,0.1408348
"2016-10-05 14:00:00",23286,619.9237,599.8412,0,36.839,34.774,37.714,30.466,4527.11,18.78835,16.11923,35.92982,33.24817,1.512708,12.5753,0.1264035
"2016-10-05 15:00:00",23287,620.0671,599.884,0,37.507,36.251,34.24,25.148,3868.919,18.32692,13.86282,36.91301,29.0349,1.778125,10.747,0.1544459
"2016-10-05 16:00:00",23288,620.116,599.7955,0,37.964,36.691,29.13,23.848,3168.393,16.75485,13.56588,37.51028,25.86543,1.031181,8.801092,0.09933282
"2016-10-05 17:00:00",23289,620.1343,599.9084,0,37.786,36.22,27.964,23.236,2535.474,15.20375,12.71998,36.87244,25.36834,1.17993,7.042984,0.1101878
"2016-10-05 18:00:00",23290,619.9817,599.7497,0,36.66,34.205,28.722,24.824,2003.568,14.46431,13.18843,35.57269,27.07259,1.084514,5.565466,0.09708165
"2016-10-05 19:00:00",23291,620.0702,599.9023,0,34.216,30.978,46.577,28.363,1947.869,18.28089,12.95145,32.55687,34.95065,0.9497223,5.410748,0.0635368
"2016-10-05 20:00:00",23292,620.0183,599.9115,0,30.978,28.92,51.916,46.541,2011.891,18.3647,18.00983,29.91075,49.53251,2.442291,5.588587,0.09342393
"2016-10-05 21:00:00",23293,620.4121,599.7497,0,28.951,27.478,57.444,51.754,2019.673,18.38437,17.6664,28.1757,53.85326,2.068958,5.610202,0.07320623
"2016-10-05 22:00:00",23294,620.3755,599.7619,0,27.49,26.136,69.66,57.414,2026.141,20.22964,18.33379,26.78676,62.92521,2.137708,5.628169,0.05807296
"2016-10-05 23:00:00",23295,620.3877,599.8687,0,26.136,25.134,78.93,69.718,2035.12,21.26126,20.18712,25.61419,74.61654,2.120833,5.653112,0.03875084
"2016-10-06 00:00:00",23296,619.9481,599.765,0,25.134,24.472,84.035,78.951,2030.912,21.63997,21.22351,24.75996,81.64557,1.797708,5.641422,0.02514525
"2016-10-06 01:00:00",23297,620.3236,599.7131,0,24.504,24.243,85.273,84.031,2038.412,21.73903,21.61203,24.35474,84.88834,2.074445,5.662255,0.02259255
"2016-10-06 02:00:00",23298,620.3236,599.8412,0,24.314,24.102,85.236,84.39,2041.698,21.65951,21.35602,24.20772,84.85036,2.238542,5.671383,0.02353841
"2016-10-06 03:00:00",23299,620.3174,599.8382,0,24.173,23.984,84.941,84.121,1996.432,21.40612,21.27392,24.08048,84.51534,1.839306,5.545644,0.02133016
"2016-10-06 04:00:00",23300,620.2869,599.8138,0,24.073,23.893,85.144,84.468,1971.265,21.37723,21.22581,23.98898,84.82099,1.964376,5.475737,0.02168684
"2016-10-06 05:00:00",23301,619.7436,599.7497,0,24.054,23.893,85.93,85,1893.944,21.47116,21.36046,23.96341,85.62321,1.018611,5.260954,0.01369678
"2016-10-06 06:00:00",23302,600.9585,599.7802,0,23.993,23.852,85.824,84.023,1841.51,21.46912,21.08689,23.91368,84.69293,1.057361,5.115306,0.0147479
"2016-10-06 07:00:00",23303,600.9493,599.7497,0,25.075,23.972,84.406,81.109,2141.929,21.67042,21.16255,24.44034,83.20619,0.927847,5.949803,0.01981476
"2016-10-06 08:00:00",23304,620.3022,599.7192,0,26.096,25.056,81.336,75.508,2484.483,21.89944,21.12026,25.64709,77.81363,1.1125,6.901343,0.02963864
"2016-10-06 09:00:00",23305,619.7863,599.7405,0,27.188,25.615,76.178,70.943,2260.696,22.12169,20.46737,26.20571,73.03577,1.075972,6.279711,0.03388239
"2016-10-06 10:00:00",23306,619.8749,599.7497,0,28.66,26.157,71.523,62.522,2674.174,21.09303,20.18944,27.20388,67.2056,1.500347,7.428261,0.05450192
"2016-10-06 11:00:00",23307,619.8993,599.71,0,30.541,28.2,63.542,55.353,3130.036,21.2176,19.96673,28.74084,60.86963,1.665486,8.694544,0.07265119
"2016-10-06 12:00:00",23308,620.3389,599.7802,0,31.669,29.451,57.496,49.853,3412.906,20.95693,19.6337,30.56417,53.75347,1.289374,9.480295,0.07114509
"2016-10-06 13:00:00",23309,620.3999,599.7711,0,32.588,30.869,53.484,46.271,3588.856,20.57819,19.26399,31.66815,49.24142,1.311181,9.969044,0.08023815
"2016-10-06 14:00:00",23310,620.3358,599.9084,0,34.396,31.72,50.011,40.612,3573.893,21.0611,18.78767,32.79373,45.51905,1.51243,9.927482,0.09821118
"2016-10-06 15:00:00",23311,620.0855,599.8962,0,34.994,32.658,46.854,39.165,3628.081,20.41557,18.81592,33.93037,42.20245,1.692291,10.078,0.1163204
"2016-10-06 16:00:00",23312,620.1038,599.8962,0,35.273,33.277,42.785,36.707,2732.73,19.62778,17.82274,34.45051,39.59971,1.244444,7.590917,0.09187675
"2016-10-06 17:00:00",23313,620.1923,599.7955,0,34.466,33.277,40.154,37.134,2044.552,18.32785,17.28955,33.70736,38.91711,1.345347,5.67931,0.0968334
"2016-10-06 18:00:00",23314,620.1343,599.8504,0,34.015,31.54,45,37.337,1820.306,18.20834,17.30575,32.42488,41.92434,2.088958,5.056406,0.1327644
"2016-10-06 19:00:00",23315,620.0947,599.8229,0,31.548,29.66,48.923,44.769,1837.38,18.29965,17.73411,30.55228,47.10056,2.550556,5.103832,0.1022787
"2016-10-06 20:00:00",23316,620.0702,599.8077,0,29.701,27.829,59.654,48.919,1886.129,19.27827,17.81215,28.76288,54.07965,2.385625,5.239248,0.08111145
"2016-10-06 21:00:00",23317,620.3724,599.9329,0,27.81,26.157,68.32,59.742,2007.406,20.00675,19.27153,26.92273,64.79703,2.36375,5.576127,0.05901999
"2016-10-06 22:00:00",23318,620.3724,599.9207,0,26.198,25.224,74.201,67.712,2040.265,20.32033,19.63103,25.69327,70.02554,1.885278,5.667403,0.04230966
"2016-10-06 23:00:00",23319,619.9176,599.7527,0,25.216,24.273,82.783,74.226,2050.924,21.23489,20.30651,24.65705,78.69407,1.661389,5.697011,0.02743784
"2016-10-07 00:00:00",23320,620.3816,599.826,0,24.353,24.154,85.226,82.806,2037.998,21.66657,21.20632,24.26616,84.42999,1.69993,5.661107,0.02059527
"2016-10-07 01:00:00",23321,620.3328,599.7222,0,24.424,24.132,86.324,85.078,2036.018,21.91944,21.51689,24.27256,85.40044,1.517084,5.655606,0.01813382
"2016-10-07 02:00:00",23322,620.348,599.7253,0,24.343,24.064,86.75,86.05,2037.948,21.9566,21.65889,24.17863,86.43544,1.906527,5.660967,0.01938723
"2016-10-07 03:00:00",23323,600.9219,599.8412,0,24.124,23.762,88.254,86.689,2031.935,21.86335,21.70276,23.9754,87.49445,1.419653,5.644264,0.0150596
"2016-10-07 04:00:00",23324,600.9402,599.7497,0,23.972,23.612,89.703,87.652,2012.723,21.87308,21.70737,23.79774,88.48962,1.544027,5.590897,0.01463185
"2016-10-07 05:00:00",23325,620.3083,599.7131,0,23.662,23.331,91.476,89.68,1963.481,21.9517,21.75034,23.4585,90.63089,1.124097,5.454113,0.0101007
"2016-10-07 06:00:00",23326,620.2778,599.7802,0,23.382,22.82,94.012,91.468,1896.981,21.96602,21.77911,23.08799,92.83113,0.503264,5.269393,0.005337308
"2016-10-07 07:00:00",23327,620.2869,599.7802,0,23.872,22.81,94.3,90.703,2103.741,22.45975,21.81644,23.3387,93.11315,0.2142361,5.843725,0.006259903
"2016-10-07 08:00:00",23328,620.2625,599.7833,0,26.206,23.782,90.777,77.438,2444.089,22.5451,21.7308,24.71649,85.73519,1.335764,6.789136,0.02328746
"2016-10-07 09:00:00",23329,620.0183,599.7833,0,28.689,25.856,78.699,64.988,3645.559,22.21852,20.65911,27.60495,69.52253,2.108819,10.12655,0.06958887
"2016-10-07 10:00:00",23330,620.3358,599.7802,0,30.638,27.608,65.97,54.932,3362.14,21.35227,20.2134,28.88552,61.65264,1.790902,9.339277,0.07636718
"2016-10-07 11:00:00",23331,619.8962,599.7833,0,32.508,29.66,57.748,45.271,4407.358,21.20569,19.02836,31.0185,52.41026,1.886875,12.24266,0.1031419
"2016-10-07 12:00:00",23332,620.3877,599.7344,0,34.166,31.359,51.15,39.781,4807.891,20.52321,18.48183,32.9566,45.15781,1.732986,13.35525,0.1138292
"2016-10-07 13:00:00",23333,620.0549,599.7497,0,36.181,33.068,45.769,35.503,4698.224,20.39249,18.0515,34.54787,40.13625,1.733472,13.05062,0.1261754
"2016-10-07 14:00:00",23334,619.9237,599.826,0,36.919,35.173,39.8,33.282,4380.671,19.81152,17.74867,35.89133,36.16337,1.816944,12.16853,0.1414431
"2016-10-07 15:00:00",23335,620.1282,599.6887,0,37.548,35.404,36.439,31.604,3622.582,19.09962,17.39689,36.56544,33.82536,1.46868,10.06273,0.1213295
"2016-10-07 16:00:00",23336,620.1679,599.7955,0,37.886,35.733,34.632,30.112,2971.085,18.63939,17.0906,36.73,32.52917,2.015972,8.253016,0.1618266
"2016-10-07 17:00:00",23337,620.0366,599.7955,0,36.58,34.786,35.716,32.08,2208.911,17.64245,16.88178,35.56551,33.85097,2.491251,6.135863,0.1860863
"2016-10-07 18:00:00",23338,620.0244,599.8168,0,34.755,31.528,45.263,35.371,1850.062,18.30111,17.13622,33.03938,40.98497,3.034792,5.139061,0.1884162
"2016-10-07 19:00:00",23339,620.4518,599.9329,0,31.54,29.22,51.601,45.193,1878.332,18.35044,18.18011,30.32604,48.46924,2.801389,5.21759,0.1050948
"2016-10-07 20:00:00",23340,620.0702,599.7589,0,29.208,27.478,58.509,51.568,1973.95,18.70065,18.22736,28.29213,55.40571,3.034791,5.483194,0.09001731
"2016-10-07 21:00:00",23341,620.058,599.7497,0,27.478,26.177,64.988,58.476,2021.245,19.23726,18.61291,26.80843,61.89278,2.105556,5.614569,0.05910337
"2016-10-07 22:00:00",23342,619.9084,599.8107,0,26.198,25.236,67.34,63.052,2032.773,19.12327,18.36518,25.72641,65.26704,1.89993,5.646591,0.04902501
"2016-10-07 23:00:00",23343,619.9084,599.765,0,25.224,24.284,75.738,67.273,2026.603,19.80356,18.71542,24.72359,71.64757,1.488333,5.629454,0.03343907
"2016-10-08 00:00:00",23344,619.881,599.7711,0,24.304,23.632,85.058,75.8,2037.593,21.03289,19.62813,23.91896,80.10186,1.374514,5.65998,0.02233513
"2016-10-08 01:00:00",23345,620.3358,599.9451,0,23.682,23.421,88.088,85.111,2067.588,21.37405,21.0291,23.53241,87.02905,1.823958,5.743301,0.01782166
"2016-10-08 02:00:00",23346,619.8596,599.7802,0,23.441,23.171,89.689,88.086,2076.669,21.49062,21.26598,23.28179,88.84319,1.714513,5.768524,0.01494249
"2016-10-08 03:00:00",23347,620.29,599.7344,0,23.232,23.06,90.535,89.632,2037.907,21.49673,21.41742,23.12041,90.24774,1.706596,5.660853,0.01316285
"2016-10-08 04:00:00",23348,620.3328,599.7405,0,23.12,22.52,91.84,90.23,1990.543,21.4592,21.1369,22.89256,90.91034,0.8274999,5.529286,0.008195783
"2016-10-08 05:00:00",23349,620.3083,599.7344,0,22.689,22.289,93.162,91.859,1877.171,21.36772,21.12208,22.5403,92.3225,0.1197222,5.214365,0.003235173
"2016-10-08 06:00:00",23350,620.2137,599.7344,0,22.328,21.968,94.92,93.104,1753.958,21.30871,21.02214,22.09678,94.03035,0.155625,4.872107,0.003057356
"2016-10-08 07:00:00",23351,620.2137,599.765,0,23.201,22.027,94.625,91.562,1962.379,21.79278,21.1068,22.40178,93.72094,0.1120139,5.451052,0.005192769
"2016-10-08 08:00:00",23352,600.9127,599.7955,0,24.876,23.11,91.434,82.504,2271.62,21.93427,21.3562,23.8068,87.2701,0.8413193,6.310057,0.01525298
"2016-10-08 09:00:00",23353,620.3328,599.9023,0,27.65,24.896,82.592,67.416,2803.305,21.86716,20.84712,26.10899,75.19677,1.497778,7.786958,0.04193051
"2016-10-08 10:00:00",23354,620.3389,599.7497,0,30.32,26.789,69.258,53.352,3676.831,21.20807,19.39557,28.77687,60.10771,2.796182,10.21342,0.1141453
"2016-10-08 11:00:00",23355,619.9481,599.8107,0,31.708,29.35,55.529,46.86,3698.795,20.43327,18.86872,30.35436,52.49078,2.74257,10.27443,0.1366835
"2016-10-08 12:00:00",23356,620.403,599.7375,0,33.616,30.791,49.716,42.48,4389.603,20.11448,18.71059,32.3208,46.01352,2.612084,12.19334,0.1550628
"2016-10-08 13:00:00",23357,620.0825,599.7344,0,34.964,31.579,48.062,37.603,3988.037,20.05388,18.02781,33.2303,42.39487,2.536041,11.07788,0.1625886
"2016-10-08 14:00:00",23358,620.0336,599.9207,0,35.702,33.017,41.148,35.373,3588.37,19.38434,17.62982,34.22986,38.47523,2.765069,9.967693,0.1885653
"2016-10-08 15:00:00",23359,620.113,599.6765,0,35.873,33.787,39.263,34.323,3336.852,18.92762,17.10054,34.78605,36.93913,2.840903,9.269033,0.1989137
"2016-10-08 16:00:00",23360,620.1313,599.7955,0,35.962,33.027,39.206,34.029,2621.899,18.40316,17.10777,34.77589,36.05362,2.697153,7.283054,0.1913459
"2016-10-08 17:00:00",23361,620.4609,599.7131,0,34.765,33.068,39.458,35.945,2258.904,17.797,17.06613,33.85201,37.72752,2.834168,6.274734,0.1908281
"2016-10-08 18:00:00",23362,620.1923,599.8565,0,33.027,30.47,46.35,39.404,1854.987,17.80853,17.34447,31.8018,42.68948,2.473402,5.152741,0.1502337
"2016-10-08 19:00:00",23363,620.1069,599.9298,0,30.478,29,50.48,46.347,1869.377,17.78658,17.52006,29.72684,48.37836,2.261249,5.192715,0.09028024
"2016-10-08 20:00:00",23364,601.0439,599.7375,0,29,27.548,60.077,50.478,1936.28,19.19139,17.68745,28.21611,56.1891,2.211389,5.378555,0.07268454
"2016-10-08 21:00:00",23365,619.9512,599.7375,0,27.56,26.699,65.019,60.042,1989.362,19.60628,19.04116,27.12746,61.73356,1.593334,5.526005,0.04973289
"2016-10-08 22:00:00",23366,620.3236,599.8412,0,26.678,25.646,72.16,65.074,2040.515,20.29821,19.58645,26.16271,68.47839,2.490278,5.668098,0.05347651
"2016-10-08 23:00:00",23367,619.8749,599.765,0,25.656,24.876,79.562,72.216,2046.954,21.12468,20.27575,25.26367,75.86275,1.72757,5.685984,0.03217103
"2016-10-09 00:00:00",23368,620.3236,599.7222,0,24.876,24.464,83.088,79.531,2064.895,21.51959,21.0941,24.65272,81.96263,1.720764,5.735819,0.02403816
"2016-10-09 01:00:00",23369,620.3236,599.8016,0,24.535,24.273,84.609,82.867,2040.147,21.56165,21.35628,24.40813,83.47527,1.495903,5.667075,0.02017961
"2016-10-09 02:00:00",23370,600.9005,599.7344,0,24.324,23.952,85.746,84.605,2025.474,21.631,21.39583,24.14605,85.18152,1.530486,5.626317,0.01840239
"2016-10-09 03:00:00",23371,620.3083,599.71,0,24.093,23.872,86.951,85.607,2030.164,21.62323,21.46702,23.99989,86.11525,1.518888,5.639346,0.01721329
"2016-10-09 04:00:00",23372,620.3022,599.71,0,23.912,23.562,88.48,86.945,1979.917,21.66146,21.54797,23.70852,87.95959,1.076042,5.499771,0.01219178
"2016-10-09 05:00:00",23373,620.29,599.7375,0,23.652,23.312,89.504,88.292,1931.014,21.64077,21.4225,23.5098,88.70263,0.4845834,5.363927,0.007113385
"2016-10-09 06:00:00",23374,620.3022,599.7497,0,23.612,23.171,89.488,87.834,1910.46,21.52282,21.3179,23.42583,88.33403,0.4885417,5.306832,0.007274857
"2016-10-09 07:00:00",23375,619.8352,599.7009,0,24.022,23.1,89.972,85.855,2131.684,21.68141,21.35936,23.39869,88.79602,0.7493052,5.921344,0.01273981
"2016-10-09 08:00:00",23376,620.2625,599.7222,0,25.856,23.972,85.777,74.376,2674.345,21.59684,20.76533,24.94291,80.04684,2.143542,7.428736,0.04435232
"2016-10-09 09:00:00",23377,620.3267,599.7955,0,28.388,25.897,74.832,58.889,3450.825,21.55127,19.25807,27.1449,67.6675,2.586041,9.585626,0.08497766
"2016-10-09 10:00:00",23378,620.3846,599.7192,0,30.34,27.188,62.099,49.778,3592.292,19.8778,18.52076,28.81216,56.1045,3.061667,9.97859,0.1342557
"2016-10-09 11:00:00",23379,620.3877,599.7497,0,32.248,30.09,51.847,40.621,4259.274,19.64182,16.9438,31.10692,47.06004,2.528958,11.83132,0.1447596
"2016-10-09 12:00:00",23380,620.0061,599.8107,0,33.724,31.359,44.483,36.47,4399.809,18.58675,16.45153,32.64865,40.43257,2.697917,12.22169,0.1758562
"2016-10-09 13:00:00",23381,620.1069,599.8412,0,34.882,32.668,40.451,30.776,4332.08,18.31013,15.15143,33.93623,35.71948,2.340555,12.03355,0.1713348
"2016-10-09 14:00:00",23382,620.4457,599.9329,0,36.072,34.115,33.943,27.702,4107.819,17.00123,13.85358,35.02948,30.60829,2.14889,11.41061,0.1738227
"2016-10-09 15:00:00",23383,620.1526,599.7466,0,36.491,34.645,30.619,24.088,3441.483,15.47022,12.39716,35.74864,26.74974,2.26493,9.559674,0.1922357
"2016-10-09 16:00:00",23384,620.0549,599.8871,0,36.469,35.464,29.033,25.423,2678.34,15.02342,13.00917,35.9109,26.71705,1.872778,7.439832,0.1616253
"2016-10-09 17:00:00",23385,620.171,599.7924,0,35.921,34.794,29.159,24.9,2127.92,14.68944,12.5099,35.4578,27.05084,1.652222,5.910888,0.141841
"2016-10-09 18:00:00",23386,600.928,599.8596,0,35.304,32.976,30.932,27.013,1900.977,13.99042,12.99545,34.0241,29.30301,0.8229167,5.280492,0.07186402
"2016-10-09 19:00:00",23387,600.9554,599.826,0,33.039,30.798,33.443,30.556,1862.723,13.57104,12.79525,31.84798,32.08741,0.02083333,5.17423,0.00455538
"2016-10-09 20:00:00",23388,620.0916,599.9451,0,30.791,28.048,58.189,33.441,1917.217,19.08277,12.86036,29.43629,49.77864,2.452917,5.325602,0.09191966
"2016-10-09 21:00:00",23389,620.0336,599.7222,0,28.04,26.266,65.367,58.216,2012.616,19.47187,19.08274,27.04344,62.71595,2.380485,5.5906,0.06291357
"2016-10-09 22:00:00",23390,620.3969,599.9329,0,26.266,25.326,70.115,65.339,2033.339,19.53195,19.17018,25.79087,67.26264,1.838959,5.648165,0.04543338
"2016-10-09 23:00:00",23391,620.0061,599.9359,0,25.376,24.695,79.324,70.05,2045.891,20.90101,19.49571,25.05735,75.13567,1.940625,5.68303,0.03538605
"2016-10-10 00:00:00",23392,619.9207,599.9084,0,24.716,24.472,82.598,79.292,2066.912,21.38401,20.87489,24.55899,81.64706,2.011249,5.741421,0.02677111
"2016-10-10 01:00:00",23393,620.3969,599.8138,0,24.774,24.514,82.636,81.336,2057.984,21.47843,21.3342,24.67671,81.92242,2.268751,5.716621,0.02841075
"2016-10-10 02:00:00",23394,619.8352,599.765,0,24.724,24.334,82.572,81.986,2039.943,21.47623,21.13954,24.51105,82.36252,1.734722,5.666507,0.02354597
"2016-10-10 03:00:00",23395,600.8608,599.7497,0,24.375,24.012,82.359,81.496,1971.383,21.16805,20.6708,24.2294,81.90182,1.542292,5.476063,0.02217759
"2016-10-10 04:00:00",23396,600.9249,599.9329,0,24.034,23.752,81.656,75.699,1951.763,20.67631,19.22689,23.90146,79.13762,2.045069,5.421563,0.02979256
"2016-10-10 05:00:00",23397,620.3663,599.7344,0,23.772,22.99,76.123,74.804,1861.123,19.24333,18.55648,23.42446,75.37276,1.357292,5.169785,0.02644124
"2016-10-10 06:00:00",23398,600.8853,599.7466,0,23.02,22.368,78.188,75.97,1741.191,18.58023,18.36184,22.61951,77.22878,0.170625,4.836642,0.005899955
"2016-10-10 07:00:00",23399,620.3358,599.765,0,24.382,22.409,78.191,70.708,2159.482,18.76231,18.43151,23.18432,75.23656,0.7363194,5.998562,0.02220611
"2016-10-10 08:00:00",23400,620.348,599.6734,0,27.068,24.334,70.562,59.07,2851.448,18.84718,18.01231,25.57889,64.84586,1.469236,7.920689,0.0556177
"2016-10-10 09:00:00",23401,620.406,599.7985,0,29.24,26.758,59.208,50.017,3481.015,18.46468,17.57598,27.93517,54.65727,2.146042,9.669487,0.101725
"2016-10-10 10:00:00",23402,620.3694,599.8321,0,30.779,28.708,51.693,44.402,3967.723,18.26883,17.17652,29.61127,48.59199,2.576596,11.02145,0.138448
"2016-10-10 11:00:00",23403,620.0305,599.8412,0,32.1,30.119,47.286,39.076,4256.975,17.9741,16.1672,31.24275,42.64788,2.942223,11.82493,0.1773235
"2016-10-10 12:00:00",23404,600.9524,599.7802,0,34.396,31.56,41.526,32.955,4412.005,17.49023,15.07767,32.64652,37.14111,2.533541,12.25557,0.1756193
"2016-10-10 13:00:00",23405,620.0947,599.8718,0,35.285,33.107,37.33,28.218,4368.652,16.7059,13.34128,34.30296,31.6736,2.683887,12.13515,0.2052464
"2016-10-10 14:00:00",23406,620.1404,599.8168,0,35.912,34.396,30.537,24.954,3880.129,14.95344,12.39697,35.12425,27.25515,2.932085,10.77814,0.2371616
"2016-10-10 15:00:00",23407,620.3877,599.7192,0,36.628,34.486,28.703,24.835,3345.512,14.53542,12.49463,35.75007,26.14579,2.0425,9.29309,0.1768506
"2016-10-10 16:00:00",23408,620.0549,599.826,0,36.411,34.984,29.142,25.308,2739.388,15.37258,12.54579,35.68537,26.89062,2.157361,7.609412,0.182229
"2016-10-10 17:00:00",23409,620.1404,599.8504,0,35.702,34.774,28.864,25.732,2305.682,14.483,12.86096,35.33471,27.3435,1.807708,6.404671,0.1532185
"2016-10-10 18:00:00",23410,600.9829,599.7497,0,34.774,33.136,31.39,28.125,1934.792,14.21541,13.59937,33.88412,29.91489,1.631667,5.374423,0.1313546
"2016-10-10 19:00:00",23411,600.9097,599.7497,0,33.148,31.189,35.648,31.356,1931.165,14.2969,13.82938,32.20776,33.30531,0.2888195,5.364347,0.02399431
"2016-10-10 20:00:00",23412,620.1526,599.7222,0,31.201,28.298,63.66,35.443,1996.499,20.78255,14.09237,29.67806,52.55725,1.894722,5.545831,0.07380139
"2016-10-10 21:00:00",23413,620.058,599.765,0,28.32,26.568,68.906,63.626,2061.571,20.90617,20.40818,27.25118,67.17218,2.084444,5.726585,0.05152022
"2016-10-10 22:00:00",23414,620.0305,599.8168,0,26.578,25.656,73.96,68.926,2042.871,20.69395,20.40445,26.10036,71.39442,1.690486,5.674641,0.03814206
"2016-10-10 23:00:00",23415,619.9298,599.9329,0,25.656,25.014,77.66,73.934,2010.677,20.88653,20.64956,25.33069,75.82053,0.7693056,5.585215,0.01850018
"2016-10-11 00:00:00",23416,619.8596,599.8565,0,25.014,24.494,81.203,77.625,2001.038,21.10815,20.82578,24.75595,79.4017,1.506389,5.55844,0.02500759
"2016-10-11 01:00:00",23417,620.348,599.8016,0,24.504,24.054,83.836,81.197,1996.326,21.233,21.04376,24.29484,82.51314,1.121459,5.545351,0.01755198
"2016-10-11 02:00:00",23418,620.3816,599.7375,0,24.132,23.802,84.777,83.72,1972.399,21.2499,21.08134,23.98691,84.17017,0.86625,5.478886,0.01345794
"2016-10-11 03:00:00",23419,620.2839,599.7222,0,23.852,23.392,85.367,79.656,1906.955,21.09951,19.8339,23.61951,83.24247,0.7686804,5.297097,0.0128716
"2016-10-11 04:00:00",23420,620.3602,599.7436,0,23.612,23.09,79.63,76.422,1919.257,19.87602,18.80468,23.40075,77.34329,1.180694,5.331269,0.0223293
"2016-10-11 05:00:00",23421,600.116,599.6978,0,23.11,22.268,77.957,76.6,1862.427,18.81678,18.18552,22.64084,77.44115,1.118194,5.173408,0.02095207
"2016-10-11 06:00:00",23422,620.2717,599.7955,0,23.132,22.058,77.562,67.324,1897.473,18.20413,16.73933,22.30332,74.99356,1.796457,5.270759,0.03105578
"2016-10-11 07:00:00",23423,620.4335,599.9329,0,25.014,23.08,67.348,58.867,2325.822,16.72887,16.19335,23.98509,62.5075,1.581527,6.460615,0.05953839
"2016-10-11 08:00:00",23424,620.3877,599.7558,0,26.818,24.864,59.396,51.652,2813.685,16.6216,15.97951,25.80279,55.92135,1.64125,7.815791,0.07503694
"2016-10-11 09:00:00",23425,620.3236,599.765,0,29.01,26.418,52.158,44.422,3344.8,16.23317,15.44962,27.74125,48.34535,2.609931,9.29111,0.1341817
"2016-10-11 10:00:00",23426,619.9786,599.7466,0,30.798,28.56,46.023,40.794,3876.627,16.5576,15.42075,29.38788,43.74751,2.918125,10.76841,0.1660352
"2016-10-11 11:00:00",23427,619.9237,599.7344,0,32.199,29.76,43.995,36.486,4297.325,16.93012,15.1403,31.18411,39.96411,2.27,11.93701,0.1492629
"2016-10-11 12:00:00",23428,620.0671,599.7222,0,33.517,31.678,39.48,33.11,4568.36,16.58594,14.58967,32.41964,36.447,2.522084,12.68989,0.1764037
"2016-10-11 13:00:00",23429,600.9554,599.9207,0,34.544,32.568,36.178,30.259,4505.575,16.22518,14.18497,33.59868,32.54247,2.515347,12.51549,0.1899516
"2016-10-11 14:00:00",23430,600.9127,599.9329,0,35.375,33.558,32.528,25.724,4088.848,15.35516,12.64046,34.50564,28.89888,2.498473,11.35791,0.2007315
"2016-10-11 15:00:00",23431,620.0794,599.7375,0,35.873,34.275,29.588,24.539,3393.25,14.43167,11.97923,35.1523,26.36755,2.932987,9.425694,0.2391282
"2016-10-11 16:00:00",23432,619.9512,599.8871,0,36.372,34.815,26.834,23.346,2729.999,13.64661,11.49093,35.45121,25.21739,2.404027,7.583331,0.2040793
"2016-10-11 17:00:00",23433,619.9603,599.8596,0,35.694,34.316,26.714,23.195,2412.14,13.06603,11.27641,34.9674,25.35417,1.929098,6.700388,0.1659477
"2016-10-11 18:00:00",23434,620.1404,599.7985,0,34.474,33.007,27.722,25.302,2057.423,12.44366,11.56517,33.86688,26.24539,1.196736,5.715063,0.1047701
"2016-10-11 19:00:00",23435,600.9432,599.8229,0,33.046,31.978,29.091,27.493,2049.888,12.00714,11.56002,32.48147,28.12492,0.9138889,5.694132,0.06784967
"2016-10-11 20:00:00",23436,620.1069,599.7344,0,32.06,27.9,57.068,28.923,2056.928,18.81339,11.72061,29.91663,44.35867,1.809861,5.713688,0.08409974
"2016-10-11 21:00:00",23437,620.0305,599.8199,0,27.919,26.288,64.216,57.095,2175.958,19.02717,18.58902,26.9716,60.71381,1.907848,6.044328,0.05750563
"2016-10-11 22:00:00",23438,619.9603,599.7497,0,26.288,25.426,70.164,64.212,2235.287,19.64938,18.99392,25.83856,67.17091,1.513959,6.209131,0.04026303
"2016-10-11 23:00:00",23439,620.0061,599.8535,0,25.466,24.854,73.984,70.128,2195.305,19.95925,19.58654,25.1862,72.18823,1.197708,6.098069,0.02882752
"2016-10-12 00:00:00",23440,619.9207,599.7253,0,24.876,24.343,76.66,73.949,2070.528,20.0555,19.87947,24.57112,75.54857,0.6502779,5.751467,0.01634229
"2016-10-12 01:00:00",23441,619.9054,599.7344,0,24.362,23.792,78.714,76.65,2027.759,20.04113,19.74522,24.04543,77.57588,0.6864585,5.632664,0.01553602
"2016-10-12 02:00:00",23442,619.9115,599.9451,0,24.253,23.652,78.508,67.203,1984.272,19.80718,17.67556,23.91493,73.45794,0.450278,5.511867,0.01320191
"2016-10-12 03:00:00",23443,619.8474,599.7344,0,24.214,22.609,70.076,66.188,1863.97,17.80943,16.73487,23.50517,67.39909,0.1622917,5.177695,0.007529091
"2016-10-12 04:00:00",23444,619.8627,599.71,0,22.9,21.968,71.125,65.814,1766.816,16.86347,16.06557,22.49018,68.27979,0.1491667,4.907822,0.006781491
"2016-10-12 05:00:00",23445,619.9237,599.8412,0,22.79,22.318,66.859,64.98,1831.529,16.09788,15.77715,22.56363,66.14182,0.4920834,5.087582,0.01665911
"2016-10-12 06:00:00",23446,619.9573,599.765,0,22.71,22.068,67.291,64.914,1839.539,15.83901,15.68628,22.39934,66.05302,0.2026389,5.109831,0.008759998
"2016-10-12 07:00:00",23447,600.9097,599.8718,0,25.516,22.52,65.544,57.241,2326.353,16.69203,15.74552,23.85482,62.10886,0.2885417,6.462092,0.01632547
"2016-10-12 08:00:00",23448,620.3358,599.8443,0,27.669,25.474,57.238,51.605,2920.538,17.07969,16.37644,26.54934,54.70821,1.701181,8.112605,0.08067206
"2016-10-12 09:00:00",23449,600.9585,599.9451,0,29.4,26.957,53.195,46.312,3491.293,17.12404,16.3948,28.1298,49.90185,2.515833,9.698036,0.12777
"2016-10-12 10:00:00",23450,600.9097,599.826,0,31.119,28.15,50.38,42.437,4201.04,17.52612,16.4249,29.40721,46.95928,2.720417,11.66956,0.1489346
"2016-10-12 11:00:00",23451,619.9084,599.768,0,33.058,30.279,45.052,33.455,4646.569,17.68152,14.34554,31.70534,39.82024,2.564444,12.90714,0.1678788
"2016-10-12 12:00:00",23452,619.9481,599.8412,0,34.085,31.548,39.688,32.121,4578.909,16.86742,14.85436,32.81359,35.48014,2.485347,12.71919,0.1780002
"2016-10-12 13:00:00",23453,600.9371,599.7161,0,34.655,32.108,39.091,32.304,3809.98,17.1923,14.97844,33.34545,34.28738,2.743611,10.58328,0.1970297
"2016-10-12 14:00:00",23454,600.9432,599.9084,0,35.453,32.699,37.564,32.23,3356.316,17.46713,15.21359,33.62382,34.95945,2.337917,9.3231,0.1701704
"2016-10-12 15:00:00",23455,620.0825,599.8748,0,35.624,33.308,35.425,28.574,2977.061,16.25531,13.98079,34.25339,31.12176,2.067709,8.269614,0.1625659
"2016-10-12 16:00:00",23456,620.0702,599.9084,0,35.612,33.158,33.912,28.109,2616.136,15.68649,14.0446,34.22229,30.98967,2.269652,7.267045,0.1757761
"2016-10-12 17:00:00",23457,620.0061,599.7924,0,34.216,32.636,35.042,31.583,2318.894,15.57927,14.73042,33.47456,33.07794,2.072014,6.441373,0.1550525
"2016-10-12 18:00:00",23458,600.9585,599.768,0,33.238,32,38.055,34.335,2028.73,16.09098,15.34078,32.51329,36.33094,1.617153,5.635362,0.1164085
"2016-10-12 19:00:00",23459,620.1008,599.7772,0,32.218,28.85,58.878,37.613,2032.397,20.14647,15.73899,30.56324,49.16536,2.610278,5.645548,0.09999959
"2016-10-12 20:00:00",23460,620.0549,599.826,0,28.88,27.128,64.755,58.875,2135.056,20.07427,19.65458,28.0008,61.09231,2.435208,5.930711,0.06852958
"2016-10-12 21:00:00",23461,620.3633,599.7497,0,27.128,26.026,71.816,64.808,2091.595,20.58723,19.94045,26.52738,68.47706,1.466389,5.809987,0.03849405
"2016-10-12 22:00:00",23462,620.3999,599.7436,0,26.038,25.516,73.974,71.844,2044.953,20.64432,20.50016,25.69189,73.32352,1.423264,5.680425,0.03148204
"2016-10-12 23:00:00",23463,619.9359,599.6734,0,25.596,25.196,75.691,73.531,2037.88,20.64152,20.49304,25.42431,74.50837,1.616389,5.660779,0.03258418
"2016-10-13 00:00:00",23464,600.9066,599.7344,0,25.224,24.774,77.844,75.632,2012.035,20.68714,20.57965,25.01792,76.59752,1.807362,5.588986,0.031898
"2016-10-13 01:00:00",23465,619.9451,599.7131,0,24.825,24.613,78.566,77.496,1988.419,20.7364,20.52997,24.71063,78.05458,1.8925,5.523385,0.03059552
"2016-10-13 02:00:00",23466,619.8627,599.7527,0,24.632,24.042,79.449,77.869,2018.782,20.54787,20.2235,24.28586,78.58433,2.347708,5.607728,0.03356063
"2016-10-13 03:00:00",23467,600.8944,599.8748,0,24.093,23.612,79.164,77.734,1966.502,20.25164,19.58409,23.85502,78.73975,2.02257,5.462506,0.0300975
"2016-10-13 04:00:00",23468,620.3389,599.7802,0,23.712,23.02,79.52,77.609,1873.079,19.60134,19.26859,23.37935,78.43156,1.440764,5.202999,0.0242817
"2016-10-13 05:00:00",23469,620.2991,599.8412,0,23.1,22.678,80.531,79.121,1849.826,19.31853,19.14813,22.92353,79.62503,1.637014,5.138405,0.02462123
"2016-10-13 06:00:00",23470,620.2869,599.9329,0,22.678,22.308,82.039,80.466,1811.692,19.21444,19.07979,22.49501,81.27151,0.8391666,5.032477,0.01451515
"2016-10-13 07:00:00",23471,619.8383,599.7344,0,24.504,22.47,81.726,74.098,2372.889,19.75921,19.17823,23.40189,78.39211,0.4450695,6.591358,0.01472912
"2016-10-13 08:00:00",23472,600.9951,599.884,0,27.399,24.542,74.156,62.619,3014.77,20.00249,19.31596,25.92638,68.47003,1.309444,8.37436,0.04671634
"2016-10-13 09:00:00",23473,620.0427,599.7344,0,28.439,26.928,63.603,56.738,2928.649,19.90424,18.61965,27.57965,59.85352,2.704305,8.135138,0.1076762
"2016-10-13 10:00:00",23474,619.939,599.765,0,29.6,27.328,59.738,52.308,3049.031,19.30966,18.52703,28.66366,55.32669,2.792778,8.469532,0.1253489
"2016-10-13 11:00:00",23475,619.9939,599.7894,0,32.168,28.92,53.072,44.377,3808.937,19.20362,17.91195,30.5513,48.75194,3.0875,10.58038,0.1626632
"2016-10-13 12:00:00",23476,619.9359,599.7344,0,33.068,30.42,48.053,39.269,3760.34,18.97453,17.02679,31.83008,43.75155,2.752084,10.44539,0.1655704
"2016-10-13 13:00:00",23477,619.9207,599.7344,0,34.066,31.688,42.441,35.021,3963.4,18.26908,16.33214,33.12035,38.14443,2.7325,11.00945,0.1848664
"2016-10-13 14:00:00",23478,620.1618,599.9084,0,35.363,32.476,38.314,31.843,3288.036,17.95022,15.45298,33.91198,35.02769,2.347291,9.133433,0.1712571
"2016-10-13 15:00:00",23479,620.0061,599.9237,0,35.554,32.878,36.735,30.999,3426.555,17.26911,15.41617,34.60014,33.45286,2.636805,9.518209,0.1961711
"2016-10-13 16:00:00",23480,620.1038,599.8718,0,35.861,33.865,33.119,28.307,2668.977,16.2727,14.28717,35.01756,30.67215,2.468403,7.413826,0.1925378
"2016-10-13 17:00:00",23481,619.9115,599.7344,0,35.433,34.265,32.122,28.562,2254.808,15.76327,14.05586,34.78193,30.37887,1.939792,6.263355,0.1550778
"2016-10-13 18:00:00",23482,620.1649,599.7344,0,34.626,31.25,49.515,29.157,1883.381,19.47643,13.99914,33.1286,38.72006,2.740417,5.231615,0.1794631
"2016-10-13 19:00:00",23483,620.3236,599.8107,0,31.25,29.109,57.971,49.511,1950.882,20.0223,19.44862,30.25626,53.69276,2.724236,5.419117,0.09284692
"2016-10-13 20:00:00",23484,620.058,599.7344,0,29.1,27.309,65.273,57.906,2033.21,20.30795,19.9852,28.135,62.0778,2.340417,5.647804,0.06538324
"2016-10-13 21:00:00",23485,620.3877,599.9146,0,27.298,26.327,67.531,65.238,2018.081,20.24972,19.70255,26.74756,66.48061,1.768333,5.605779,0.04652797
"2016-10-13 22:00:00",23486,620.3969,599.7497,0,26.346,25.756,67.781,64.66,1976.271,19.82263,18.71731,25.98954,66.18743,1.781806,5.489643,0.04612602
"2016-10-13 23:00:00",23487,620.3846,599.71,0,25.827,25.014,68.562,64.923,1932.536,18.96963,18.64873,25.41802,66.75584,1.39125,5.368154,0.03776997
"2016-10-14 00:00:00",23488,620.3236,599.7497,0,25.024,24.124,74.34,68.59,1901.897,19.3586,18.84798,24.57142,71.87919,0.9493051,5.283048,0.0240932
"2016-10-14 01:00:00",23489,620.3694,599.8718,0,24.132,23.392,80.109,74.332,1866.163,19.79817,19.2676,23.76893,77.29279,0.2129861,5.183785,0.006996992
"2016-10-14 02:00:00",23490,620.348,599.7741,0,23.452,22.71,82.828,79.972,1883.195,19.86002,19.62728,23.10551,81.36774,0.2222916,5.231096,0.006249021
"2016-10-14 03:00:00",23491,620.3144,599.7955,0,23.01,22.57,82.953,78.308,1846.649,19.67597,18.93616,22.75756,81.10514,0.4786807,5.12958,0.01008204
"2016-10-14 04:00:00",23492,620.3267,599.7375,0,23.141,22.52,79.438,72.535,1833.136,19.01452,17.9166,22.69275,76.44542,0.487639,5.092044,0.01217787
"2016-10-14 05:00:00",23493,600.8853,599.8107,0,23.132,22.068,76.746,72.41,1813.941,17.93837,17.73112,22.51134,74.6874,0.5113194,5.038724,0.01330396
"2016-10-14 06:00:00",23494,600.8608,599.7344,0,22.148,21.616,78.836,76.564,1756.204,17.9241,17.7401,21.84378,77.80003,0,4.878345,0.002335048
"2016-10-14 07:00:00",23495,600.9219,599.9207,0,24.273,21.798,78.406,69.613,2283.971,18.44853,17.89048,23.08833,74.00166,0.2859027,6.344365,0.01252259
"2016-10-14 08:00:00",23496,620.2259,599.8199,0,26.699,24.154,69.734,58.032,2900.421,18.62706,17.58233,25.39123,63.83059,1.699097,8.056726,0.06402276
"2016-10-14 09:00:00",23497,619.9451,599.826,0,29.18,26.366,59.489,50.587,3585.877,18.61755,17.5477,27.82805,54.72693,2.437639,9.96077,0.1126733
"2016-10-14 10:00:00",23498,600.9646,599.7222,0,30.689,28.529,52.287,46.113,4025.355,18.48191,17.39458,29.46644,49.63664,2.574375,11.18154,0.13543
"2016-10-14 11:00:00",23499,620.0458,599.7344,0,32.029,29.859,48.294,42.634,3945.689,18.43052,17.36631,30.75347,45.80344,2.597917,10.96025,0.1497034
"2016-10-14 12:00:00",23500,619.9725,599.7344,0,33.546,30.59,45.609,37.904,4377.872,18.34511,16.9867,32.06771,41.78596,2.811736,12.16076,0.176171
"2016-10-14 13:00:00",23501,620.058,599.7619,0,34.566,31.858,42.523,35.212,3970.01,18.31564,16.61276,32.94988,39.22229,2.116528,11.02781,0.1460935
"2016-10-14 14:00:00",23502,620.0214,599.7192,0,35.113,32.726,39.962,33.482,3923.628,18.0918,15.9956,34.01919,35.95673,2.341944,10.89897,0.1701994
"2016-10-14 15:00:00",23503,619.9695,599.7497,0,35.583,33.167,35.367,31.136,3294.229,17.52158,15.38408,34.53481,33.48974,2.329307,9.150636,0.1757831
"2016-10-14 16:00:00",23504,620.3052,599.881,0,35.751,33.177,35.613,30.694,2545.284,16.92829,15.43716,34.35613,33.36059,1.800972,7.070232,0.1388941
"2016-10-14 17:00:00",23505,620.0947,599.7497,0,34.416,32.847,36.029,33.228,1977.928,16.74401,15.34323,33.27616,34.89876,1.807986,5.494244,0.1327824
"2016-10-14 18:00:00",23506,619.9359,599.7405,0,33.136,32.207,36.357,34.224,1820.29,15.73293,15.1942,32.73505,35.18259,1.59125,5.05636,0.1167238
"2016-10-14 19:00:00",23507,620.1099,599.8504,0,32.207,30.298,40.326,36.214,1787.901,15.50676,15.17889,31.25597,38.09537,0.3186111,4.966391,0.02380404
"2016-10-14 20:00:00",23508,620.2747,599.7955,0,30.85,28.098,62.486,39.689,1909.635,20.30311,15.24028,29.24527,56.17029,1.936251,5.304542,0.06848173
"2016-10-14 21:00:00",23509,620.0061,599.8565,0,28.089,26.796,67.434,62.546,1976.273,20.30183,20.19119,27.32555,65.28629,1.478611,5.489647,0.04322127
"2016-10-14 22:00:00",23510,620.0488,599.8107,0,26.808,25.968,70.466,67.434,1961.778,20.33129,20.16393,26.36596,69.11276,0.8463193,5.449384,0.02525214
"2016-10-14 23:00:00",23511,620.348,599.8138,0,25.976,25.376,73.646,70.404,1921.306,20.35757,20.11669,25.68402,71.69482,0.8301389,5.336961,0.02259745
"2016-10-15 00:00:00",23512,619.8596,599.71,0,25.416,24.954,77.621,73.613,1931.358,20.82513,20.33983,25.1891,75.53117,1.401111,5.364884,0.02825266
"2016-10-15 01:00:00",23513,619.8871,599.7802,0,24.986,24.273,81.844,77.535,1943.044,21.05794,20.75961,24.61113,79.849,0.9784721,5.397344,0.01825888
"2016-10-15 02:00:00",23514,620.4243,599.7894,0,24.284,23.782,84.392,81.804,1860.485,21.09844,20.92209,23.98892,83.34215,0.2915277,5.168013,0.006879887
"2016-10-15 03:00:00",23515,620.2991,599.8779,0,23.842,23.191,86.785,84.322,1791.949,21.08933,20.77402,23.52866,85.46983,0.2102778,4.977635,0.005167206
"2016-10-15 04:00:00",23516,620.3633,599.8321,0,23.552,23.03,86.016,84.984,1793.916,21.02997,20.49863,23.31653,85.41683,0.359375,4.983099,0.00695912
"2016-10-15 05:00:00",23517,619.8505,599.765,0,23.05,21.846,88.656,85.402,1684.086,20.54551,19.7935,22.36363,87.09469,0,4.678016,0.00223396
"2016-10-15 06:00:00",23518,600.8669,599.8412,0,21.907,21.206,90.535,88.546,1663.202,20.07429,19.44254,21.55495,89.65313,0,4.620006,0.00218503
"2016-10-15 07:00:00",23519,600.8364,599.9451,0,24.716,21.386,90.062,70.105,2147.187,20.67246,18.85712,22.84902,84.43156,0.03479167,5.964409,0.005518007
"2016-10-15 08:00:00",23520,620.29,599.7466,0,27.478,24.604,69.926,54.611,2823.584,19.15314,17.33163,26.19008,61.88027,1.904723,7.843288,0.07476638
"2016-10-15 09:00:00",23521,620.3389,599.7161,0,30.041,27.309,55.777,46.935,3477.415,17.96849,16.97699,28.83542,50.39573,2.234513,9.659486,0.1164037
"2016-10-15 10:00:00",23522,619.9207,599.7924,0,31.659,29.201,48.894,41.591,4114.638,17.93233,16.57207,30.42973,45.05341,2.567916,11.42955,0.149637
"2016-10-15 11:00:00",23523,620.4274,599.765,0,32.758,30.47,45.367,37.318,4530.906,17.86146,15.84728,31.75582,40.616,2.623681,12.58585,0.1688683
"2016-10-15 12:00:00",23524,620.0366,599.765,0,34.566,32.048,40.255,33.226,4438.591,17.11764,15.2173,33.03816,36.46968,2.648888,12.32942,0.1854607
"2016-10-15 13:00:00",23525,620.4579,599.8412,0,35.822,32.857,37.066,29.35,4541.955,17.2908,14.6738,34.55195,32.92433,2.219583,12.61654,0.1726641
"2016-10-15 14:00:00",23526,620.1313,599.7772,0,36.401,33.916,33.232,26.698,4183.915,16.76932,13.86475,35.41099,29.6759,2.277709,11.62199,0.1863531
"2016-10-15 15:00:00",23527,620.1099,599.7222,0,36.699,35.244,29.172,24.89,3533.668,15.06056,12.96998,36.08768,26.67139,2.165278,9.815743,0.186188
"2016-10-15 16:00:00",23528,620.0916,599.826,0,37.228,35.563,26.428,22.736,2959.959,13.96085,12.07833,36.35995,24.746,1.920555,8.222108,0.1713145
"2016-10-15 17:00:00",23529,600.9341,599.7283,0,36.718,35.494,25.39,23.279,2401.291,13.07504,12.0492,36.11272,24.22895,1.770348,6.670253,0.1586654
"2016-10-15 18:00:00",23530,600.9646,599.765,0,36.261,34.076,26.754,23.216,2023.517,12.98612,11.53265,35.09383,25.06192,1.604097,5.62088,0.1408053
"2016-10-15 19:00:00",23531,600.9188,599.8443,0,34.066,32.158,31.52,26.613,2023.613,13.23839,12.14867,32.92834,28.85445,0.9792358,5.621148,0.07163487
"2016-10-15 20:00:00",23532,620.3846,599.8443,0,32.357,28.138,60.42,31.45,2093.252,19.86781,13.18618,29.62271,53.70576,2.442222,5.814588,0.0852142
"2016-10-15 21:00:00",23533,620.3846,599.7863,0,28.15,26.498,68.438,60.416,2190.671,20.25108,19.75487,27.31583,64.01469,1.849722,6.085197,0.0522868
"2016-10-15 22:00:00",23534,619.9237,599.765,0,26.488,25.615,75.078,68.371,2246.252,20.93163,20.18053,26.06097,71.5135,1.989931,6.239589,0.04231671
"2016-10-15 23:00:00",23535,620.3877,599.7833,0,25.626,25.014,78.644,75.07,2134.723,21.09624,20.77321,25.30549,76.82239,1.251459,5.929787,0.02514346
"2016-10-16 00:00:00",23536,619.8932,599.8107,0,25.044,24.554,80.531,78.609,2032.17,21.1124,20.93277,24.78568,79.53496,1.08743,5.644916,0.02006727
"2016-10-16 01:00:00",23537,619.8749,599.7955,0,24.574,24.194,81.96,80.527,1942.24,21.03841,20.908,24.338,81.44878,0.676111,5.39511,0.01310173
"2016-10-16 02:00:00",23538,620.3846,599.7497,0,24.253,23.672,83.434,81.617,1888.159,20.9442,20.69787,23.93812,82.6285,0.1952083,5.244885,0.005659594
"2016-10-16 03:00:00",23539,619.8932,599.7711,0,23.672,23.201,84.902,83.398,1810.667,20.76478,20.48724,23.43636,84.20258,0.1745833,5.029631,0.004946131
"2016-10-16 04:00:00",23540,620.3328,599.7527,0,23.232,22.71,85.506,84.613,1765.034,20.54182,20.0763,23.00281,85.12882,0,4.902874,0.002345106
"2016-10-16 05:00:00",23541,619.8107,599.8565,0,22.75,21.888,87.375,84.964,1697.857,20.16981,19.61209,22.24461,86.26291,0,4.716269,0.002249715
"2016-10-16 06:00:00",23542,600.116,599.8565,0,22.338,22.027,86.21,80.617,1730.721,19.64927,18.80709,22.15709,82.82821,0.009722223,4.807559,0.002453155
"2016-10-16 07:00:00",23543,619.823,599.8412,0,24.214,22.348,80.625,72.373,2300.182,19.23447,18.78442,23.40018,76.29799,0.5656251,6.389393,0.01814712
"2016-10-16 08:00:00",23544,620.3633,599.7955,0,27.638,24.194,72.33,54.216,2996.918,19.09743,17.37201,25.75426,63.23115,2.044792,8.324772,0.07624517
"2016-10-16 09:00:00",23545,620.3969,599.7497,0,29.77,27.368,54.45,44.875,3588.906,17.72353,16.43108,28.4233,50.59797,2.46368,9.969183,0.124869
"2016-10-16 10:00:00",23546,600.9249,599.7344,0,30.93,29.029,47.558,40.713,4213.184,17.08127,15.693,29.97411,43.99662,2.060139,11.70329,0.1260524
"2016-10-16 11:00:00",23547,620.0275,599.8962,0,32.546,30.32,43.251,34.892,4617.229,16.56909,14.73813,31.40083,38.63816,2.291249,12.82564,0.154802
"2016-10-16 12:00:00",23548,619.9207,599.829,0,34.265,32,38.898,31.278,4627.659,16.42011,14.42902,33.12935,34.29933,2.177222,12.85461,0.1629502
"2016-10-16 13:00:00",23549,620.1008,599.9084,0,35.822,32.328,35.378,26.596,4474.743,15.88572,13.61733,34.50255,30.43539,2.389792,12.42984,0.1900425
"2016-10-16 14:00:00",23550,620.0886,599.8901,0,35.992,34.265,31.837,25.947,4018.587,15.21542,13.04718,35.18005,28.07119,2.244375,11.16274,0.1869836
"2016-10-16 15:00:00",23551,619.9847,599.9023,0,36.58,34.882,30.24,25.866,3539.948,15.46466,13.43638,35.82569,27.38656,1.908889,9.83319,0.1645949
"2016-10-16 16:00:00",23552,620.0671,599.829,0,36.628,35.404,28.742,25.884,2978.108,14.90121,13.52036,35.99152,27.19592,1.968125,8.272523,0.168671
"2016-10-16 17:00:00",23553,620.1221,599.826,0,36.74,35.154,29.207,25.707,2625.917,15.00271,13.38415,35.96398,27.67851,1.857569,7.294214,0.1584362
"2016-10-16 18:00:00",23554,600.9554,599.7131,0,35.472,33.167,33.042,28.738,2042.041,14.90915,14.49464,34.42303,30.70133,1.5,5.672337,0.1217324
"2016-10-16 19:00:00",23555,620.0549,599.8871,0,33.218,30.708,52.733,32.626,2068.33,19.96685,14.54479,32.54526,35.89968,1.057014,5.74536,0.06837103
"2016-10-16 20:00:00",23556,620.0214,599.8565,0,30.66,27.518,66.861,52.855,2192.845,20.84737,19.95155,28.9764,60.34669,2.882291,6.091237,0.07964829
"2016-10-16 21:00:00",23557,620.3969,599.7131,0,27.528,25.956,73.158,66.861,2294.573,21.23981,20.41712,26.58926,71.22875,2.542293,6.373815,0.05040584
"2016-10-16 22:00:00",23558,619.9573,599.7741,0,25.997,25.384,73.172,71.328,2113.022,20.49119,20.16429,25.65145,72.01984,2.028541,5.869507,0.04148982
"2016-10-16 23:00:00",23559,600.9219,599.826,0,25.396,24.806,76.312,73.172,2034.301,20.45563,20.2363,25.14163,74.70582,1.746042,5.650836,0.03372506
"2016-10-17 00:00:00",23560,619.9329,599.9084,0,24.915,24.514,79.75,76.25,1966.426,20.83601,20.34636,24.71606,77.96433,1.298403,5.462295,0.02408085
"2016-10-17 01:00:00",23561,620.406,599.9451,0,24.523,24.214,82.105,79.656,1951.276,21.01216,20.76423,24.3666,80.97702,1.655416,5.420212,0.02435556
"2016-10-17 02:00:00",23562,620.3663,599.8168,0,24.243,24.042,83.146,82.105,1944.591,21.10987,20.97706,24.16695,82.64864,1.336945,5.401642,0.01943059
"2016-10-17 03:00:00",23563,620.3724,599.765,0,24.112,23.782,83.458,82.466,1912.835,21.04943,20.64321,23.96373,82.99565,0.9920135,5.313432,0.01558714
"2016-10-17 04:00:00",23564,620.3358,599.71,0,23.822,23.151,83.636,80.714,1795.704,20.66837,19.94056,23.4615,82.46167,0.1161111,4.988067,0.004310295
"2016-10-17 05:00:00",23565,620.3602,599.7497,0,23.492,22.65,81.32,80,1724.989,19.93952,19.29046,23.0922,80.74321,0.04118056,4.791636,0.003074425
"2016-10-17 06:00:00",23566,620.3633,599.7344,0,22.92,22.409,81.254,77.718,1678.305,19.2985,18.46277,22.62832,78.90971,0.0325,4.661959,0.002913707
"2016-10-17 07:00:00",23567,620.2869,599.7497,0,25.005,22.46,78.086,66.172,2219.571,18.49618,18.05787,23.67341,72.11681,0.8042361,6.165474,0.02646497
"2016-10-17 08:00:00",23568,600.9677,599.8565,0,27.258,24.884,66.455,54.179,2848.045,18.36287,17.07301,26.10936,59.64939,1.976528,7.911236,0.0811431
"2016-10-17 09:00:00",23569,620.3511,599.765,0,29.63,27.2,54.792,45.355,3482.505,17.6163,16.35981,28.35177,50.10955,2.155972,9.673626,0.1125698
"2016-10-17 10:00:00",23570,620.0488,599.7466,0,31.34,29.13,47.525,39.673,4095.715,17.08796,15.80081,29.99434,44.30438,2.102639,11.37699,0.1273609
"2016-10-17 11:00:00",23571,620.0336,599.7283,0,32.847,30.9,41.055,35.427,4586.447,16.76354,14.74112,31.9514,37.73148,1.825763,12.74013,0.1309547
"2016-10-17 12:00:00",23572,619.9207,599.7955,0,34.015,31.458,38.631,30.852,4709.338,16.81038,13.89585,32.96417,34.30513,2.109932,13.0815,0.1584102
"2016-10-17 13:00:00",23573,619.9084,599.8535,0,35.542,32.927,35.476,26.342,4170.792,16.07749,12.97533,34.31079,30.31239,1.854097,11.58553,0.1521492
"2016-10-17 14:00:00",23574,620.0825,599.8107,0,36.401,34.675,29.802,23.094,3828.488,14.81608,11.71766,35.60538,26.27546,1.992568,10.63469,0.173436
"2016-10-17 15:00:00",23575,620.1343,599.7497,0,36.621,35.113,27.642,23.378,3525.881,14.53147,12.32943,36.13869,25.1063,1.847292,9.794114,0.1654658
"2016-10-17 16:00:00",23576,620.0183,599.7009,0,36.949,35.363,26.534,22.542,2842.531,13.72671,11.81609,36.21254,24.14196,1.759237,7.895921,0.159149
"2016-10-17 17:00:00",23577,620.1526,599.7375,0,36.66,35.253,27.682,23.544,2370.368,14.24189,12.33255,36.06545,25.59677,1.513056,6.584356,0.1353225
"2016-10-17 18:00:00",23578,620.1099,599.7344,0,35.523,33.456,31.977,27.262,2011.008,14.61898,13.5724,34.52908,29.42653,1.436944,5.586134,0.1193452
"2016-10-17 19:00:00",23579,620.1435,599.826,0,33.517,30.07,55.074,31.83,2079.948,20.07865,14.4533,31.84891,45.1064,2.34764,5.777635,0.1042472
"2016-10-17 20:00:00",23580,620.4945,599.8718,0,30.07,27.72,65.527,55.073,2217.394,20.70929,20.05496,28.8894,60.127,2.413265,6.159427,0.07168322
"2016-10-17 21:00:00",23581,620.058,599.71,0,27.74,26.087,71.626,65.527,2304.073,21.03309,20.53555,26.76561,69.99317,2.041389,6.400204,0.04617459
"2016-10-17 22:00:00",23582,619.9451,599.7222,0,26.096,25.406,73.176,71.277,2228.517,20.54418,20.22536,25.71105,72.32249,2.151667,6.190325,0.04274356
"2016-10-17 23:00:00",23583,619.8596,599.7802,0,25.416,24.794,79.434,73.207,2061.406,21.03081,20.26822,25.0871,76.78702,1.959513,5.726127,0.03339406
"2016-10-18 00:00:00",23584,620.406,599.7131,0,24.815,24.604,82.82,79.43,2037.257,21.54496,21.00693,24.69357,81.52137,1.77632,5.659047,0.02507428
"2016-10-18 01:00:00",23585,619.8718,599.7955,0,24.664,24.343,83.676,82.504,2035.056,21.52324,21.38708,24.50488,83.09743,1.781667,5.652934,0.02300305
"2016-10-18 02:00:00",23586,620.3633,599.8565,0,24.362,23.772,86.68,83.546,1953.999,21.51265,21.37488,24.05783,85.32586,1.0175,5.427773,0.0140175
"2016-10-18 03:00:00",23587,620.2991,599.7344,0,23.812,23.322,87.792,86.59,1887.527,21.46299,21.15635,23.54658,87.23019,0.8629861,5.243131,0.01103503
"2016-10-18 04:00:00",23588,620.3297,599.7375,0,23.361,22.93,89.578,87.76,1856.992,21.2446,20.94457,23.09549,88.66399,0.5330553,5.15831,0.007395474
"2016-10-18 05:00:00",23589,620.3174,599.8412,0,23.12,22.589,89.16,85.05,1851.369,21.03041,19.98956,22.90315,86.89205,0.6818751,5.142693,0.009538596
"2016-10-18 06:00:00",23590,600.9402,599.7344,0,22.8,22.258,85.14,83.354,1763,20.09395,19.41422,22.51374,84.09727,0.05756944,4.897221,0.003187755
"2016-10-18 07:00:00",23591,620.2747,599.7527,0,24.844,22.358,83.334,69.117,2233.921,19.84763,18.76571,23.62184,77.48769,0.07354166,6.205336,0.006890957
"2016-10-18 08:00:00",23592,620.2991,599.7589,0,27.7,24.774,69.41,55.417,2800.165,19.04475,17.78574,26.08165,63.33153,1.821389,7.778236,0.06936298
"2016-10-18 09:00:00",23593,619.8352,599.8535,0,29.939,27.117,57.458,47.772,3466.437,18.42944,17.43284,28.64308,52.3737,1.447847,9.628992,0.0779404
"2016-10-18 10:00:00",23594,620.0671,599.7344,0,31.228,29.22,50.224,43.862,4049.165,18.26482,17.11151,30.16828,46.89627,2.039723,11.24768,0.1190778
"2016-10-18 11:00:00",23595,620.4152,599.7344,0,33.017,30.51,46.669,39.19,4519.213,18.8136,17.14035,31.83413,42.80148,2.148889,12.55337,0.138264
"2016-10-18 12:00:00",23596,620.1069,599.7802,0,34.326,32.488,42.572,36.607,4762.463,18.53854,16.89968,33.39502,38.92191,2.133125,13.22906,0.1504974
"2016-10-18 13:00:00",23597,620.1588,599.765,0,35.822,33.746,39.907,33.015,4579.834,18.46118,16.43555,34.66609,35.46254,1.868125,12.72176,0.1441188
"2016-10-18 14:00:00",23598,620.1374,599.6734,0,36.35,34.435,34.982,30.863,4125.598,17.57993,15.79753,35.48859,32.73787,1.665,11.45999,0.136444
"2016-10-18 15:00:00",23599,620.1496,599.9115,0,37.108,35.304,34.823,28.57,3655.824,18.26718,15.03887,36.11456,30.94905,1.403333,10.15507,0.1206842
"2016-10-18 16:00:00",23600,620.2869,599.768,0,37.098,34.455,32.402,27.39,2557.719,16.73225,14.70047,35.69825,29.91875,1.306944,7.104776,0.1119275
"2016-10-18 17:00:00",23601,620.1465,599.7344,0,36.628,34.537,31.613,26.23,1961.838,16.00865,14.02472,35.70517,28.80055,1.306458,5.44955,0.1122796
"2016-10-18 18:00:00",23602,620.1618,599.8871,0,35.761,33.158,38.306,27.434,1844.423,17.0766,13.93716,34.58119,30.49202,0.9961805,5.123398,0.08440995
"2016-10-18 19:00:00",23603,620.113,599.7375,0,33.148,30.439,47.296,38.2,1880.722,18.00532,16.98772,31.68203,43.33237,2.512084,5.224227,0.1118162
"2016-10-18 20:00:00",23604,620.0947,599.8138,0,30.4,28.49,56.494,47.222,1997.766,19.02091,17.91676,29.45607,51.51954,2.677292,5.549351,0.0939239
"2016-10-18 21:00:00",23605,619.8962,599.768,0,28.478,26.456,69.207,56.521,2044.382,20.39465,18.99879,27.4026,63.69593,2.684792,5.678839,0.06666972
"2016-10-18 22:00:00",23606,620.3724,599.7711,0,26.456,25.666,74.726,69.207,2052.88,20.88747,20.35033,26.02629,72.33747,2.336876,5.702446,0.04520359
"2016-10-18 23:00:00",23607,619.9176,599.7985,0,25.676,24.954,80.07,74.73,2033.496,21.3153,20.85798,25.29406,77.54187,1.570764,5.6486,0.0282927
"2016-10-19 00:00:00",23608,619.8566,599.7802,0,24.974,24.453,83.742,80.035,1985.2,21.5578,21.19672,24.69179,81.64741,1.473055,5.514443,0.02211363
"2016-10-19 01:00:00",23609,619.8932,599.8168,0,24.464,24.034,87.066,83.766,2020.655,21.79353,21.52527,24.21654,85.62472,1.903403,5.61293,0.02043171
"2016-10-19 02:00:00",23610,620.348,599.7375,0,24.034,23.832,88.046,87.062,1952.253,21.84878,21.70786,23.92482,87.77014,1.120417,5.422925,0.01270906
"2016-10-19 03:00:00",23611,620.3206,599.7497,0,24.102,23.832,87.941,85.316,1940.773,21.80499,21.46738,23.94354,87.20227,1.682361,5.391037,0.01691106
"2016-10-19 04:00:00",23612,620.29,599.7527,0,24.343,23.993,85.316,82.558,2021.932,21.47123,21.1375,24.19281,83.45457,2.108264,5.616478,0.02466787
"2016-10-19 05:00:00",23613,619.8566,599.7985,0,24.003,23.511,86.14,84.308,1915.805,21.22903,21.03929,23.71828,85.41512,1.726458,5.321681,0.01917869
"2016-10-19 06:00:00",23614,620.2869,599.7497,0,23.582,23.201,86.617,85.75,1876.441,21.12247,20.73303,23.33142,86.15947,1.497292,5.212336,0.01657149
"2016-10-19 07:00:00",23615,620.3572,599.7344,0,24.954,23.26,85.775,78.117,2295.128,21.04261,20.69714,24.03117,82.42256,1.119167,6.375355,0.02360554
"2016-10-19 08:00:00",23616,619.8627,599.7466,0,27.388,24.835,78.472,65.828,2914.724,21.13052,20.18818,26.09203,72.4558,1.931736,8.096457,0.05630609
"2016-10-19 09:00:00",23617,619.9329,599.7344,0,29.27,27.078,66.904,57.888,3410.409,20.85625,20.01264,28.27324,62.41462,1.920209,9.473359,0.07855541
"2016-10-19 10:00:00",23618,619.884,599.7802,0,31.978,28.84,59.589,49.726,3977.311,20.87022,19.44653,30.21831,54.65525,1.432778,11.04809,0.07700983
"2016-10-19 11:00:00",23619,620.403,599.7253,0,33.289,30.84,52.867,43.497,4460.519,20.52118,18.96729,32.25749,47.55349,1.144931,12.39033,0.07633698
