"TOA5","CR200Series","CR200X","No_SN","CR200X.Std.02","estacaoAtual.CR2","15733","Table1"
"TIMESTAMP","RECORD","BP_mbar_Max","BP_mbar_Min","Rain_mm_Tot","AirTC_Max","AirTC_Min","RH_Max","RH_Min","SlrkJ_Tot","TdC_Max","TdC_Min","AirTC_Avg","RH_Avg","WS_ms_Avg","SlrkJ_Avg","ETo"
"TS","RN","mbar","mbar","mm","Deg C","Deg C","%","%","kJ/m^2","Deg C","Deg C","Deg C","%","meters/sec","kJ/m^2",""
"","","Max","Min","Tot","Max","Min","Max","Min","Tot","Max","Min","Avg","Avg","Avg","Avg","ETo"
"2016-06-08 17:00:00",20433,620.1862,599.8412,0,34.655,33.567,43.855,40.146,4358.74,20.21745,18.33804,34.01864,41.43143,0.7493456,22.82063,0.03672005
"2016-06-08 18:00:00",20434,600.9493,599.7344,0.254,34.076,30.029,51.033,39.783,8037.143,19.24419,17.85089,31.98606,44.68996,0.2890278,22.3254,0.03700818
"2016-06-08 19:00:00",20435,620.2137,599.7955,0,30.1,28.359,74.695,49.326,7538.703,23.47639,18.28951,29.0452,65.83935,1.09,20.94084,0.04106806
"2016-06-08 20:00:00",20436,620.1649,599.7985,0,28.359,26.636,81.836,74.664,7417.774,23.53181,23.29085,27.41221,78.93411,0.9915276,20.60493,0.02581623
"2016-06-08 21:00:00",20437,620.1404,599.7344,0,26.678,25.605,85.802,81.832,7120.244,23.33927,22.98722,26.09093,83.53938,0.29375,19.77846,0.012884
"2016-06-08 22:00:00",20438,620.0825,599.7924,0,25.605,24.744,88.73,85.83,6858.983,23.15388,22.75392,25.15934,87.70731,0.2222917,19.05273,0.01053951
"2016-06-08 23:00:00",20439,620.0427,599.7344,0,24.915,24.494,90.05,87.703,6730.993,22.91594,22.59879,24.71003,88.60912,0.8912497,18.6972,0.01510435
"2016-06-09 00:00:00",20440,620.1313,599.826,0,24.632,23.952,94.808,90.05,6640.625,23.0973,22.81132,24.21928,92.59833,0.1322223,18.44618,0.008635128
"2016-06-09 01:00:00",20441,620.0183,599.6978,0,24.102,23.812,96.512,94.836,6711.474,23.34376,23.08998,23.96769,95.626,0.05777778,18.64298,0.008113847
"2016-06-09 02:00:00",20442,619.9603,599.9451,0,24.173,23.822,97.207,96.455,6702.373,23.62055,23.27823,23.97589,96.82686,0.6469446,18.6177,0.008592114
"2016-06-09 03:00:00",20443,620.0061,599.7955,0,24.334,24.093,96.609,96.294,6499.271,23.75125,23.49139,24.17338,96.43383,0.169375,18.05353,0.008015752
"2016-06-09 04:00:00",20444,619.8962,599.8565,0,24.334,23.852,97.832,96.285,6496.678,23.73316,23.43385,24.08807,96.85606,0,18.04633,0.007741601
"2016-06-09 05:00:00",20445,619.8871,599.71,0,24.034,23.452,99.207,97.836,6499.498,23.73,23.29183,23.79544,98.38107,0,18.05416,0.007712029
"2016-06-09 06:00:00",20446,600.1313,599.7863,0,23.612,23.241,99.998,99.046,6640.499,23.53223,23.241,23.40205,99.66683,0,18.44583,0.007830158
"2016-06-09 07:00:00",20447,600.1282,599.7833,0,23.912,23,99.998,99.982,6785.231,23.912,23,23.27545,99.99782,0,18.84786,0.01436475
"2016-06-09 08:00:00",20448,619.3101,599.7589,0,26.186,23.852,99.998,90.81,6981.603,25.21481,23.852,24.81423,97.69042,0,19.39334,0.01505783
"2016-06-09 09:00:00",20449,619.301,599.7955,0,28.2,25.796,91.332,78.242,7865.79,24.62164,23.75319,26.82611,84.80189,1.323056,21.84941,0.03601854
"2016-06-09 10:00:00",20450,619.4445,599.7222,0,29.42,26.988,82.648,70.76,9113.723,24.56929,23.13368,28.40337,75.90224,1.564514,25.3159,0.05678739
"2016-06-09 11:00:00",20451,619.5788,599.7985,0,31.72,28.369,73.938,58.474,9973.503,24.27483,22.24419,29.85607,67.56421,1.425,27.70417,0.06928023
"2016-06-09 12:00:00",20452,619.6765,599.7344,0,33.497,30.59,63.176,51.691,10915.13,23.65595,21.7422,32.18175,57.2169,1.509931,30.3198,0.09346137
"2016-06-09 13:00:00",20453,619.9573,599.8596,0,34.525,31.41,59.31,47.603,9958.15,23.14354,21.18495,32.85925,53.30967,1.319236,27.66153,0.08988404
"2016-06-09 14:00:00",20454,601.0073,599.7375,0,34.882,31.97,54.898,42.205,9173.102,22.86094,19.63751,33.21672,49.02651,0.9256251,25.48084,0.07402064
"2016-06-09 15:00:00",20455,620.1649,599.9176,0,35.683,32.998,45.508,37.939,8865.149,21.00793,18.44128,34.36192,41.73674,1.472014,24.62542,0.1160627
"2016-06-09 16:00:00",20456,620.3511,599.8107,0,35.304,32.428,54.417,36.435,8021.678,22.1048,17.39294,34.27484,40.05937,1.248819,22.28244,0.1028697
"2016-06-09 17:00:00",20457,620.3358,599.7009,0,32.408,30.138,59.957,53.803,7619.704,22.37402,20.68697,31.24617,56.60932,2.551458,21.16584,0.1280894
"2016-06-09 18:00:00",20458,620.2503,599.765,0,30.298,27.458,69.21,58.768,6898.415,21.6798,21.23393,28.66344,64.98119,1.940764,19.16226,0.08174316
"2016-06-09 19:00:00",20459,602.6649,599.6978,0,27.458,26.318,75.828,69.144,6622.639,21.74686,21.24862,26.87984,72.30812,0.8763889,18.39622,0.02832242
"2016-06-09 20:00:00",20460,620.2137,599.8412,0,26.378,25.836,80.861,75.855,6450.671,22.3419,21.75269,26.08959,78.65996,0.7833334,17.91853,0.02147673
"2016-06-09 21:00:00",20461,620.1679,599.8168,0,25.846,25.196,83.804,80.766,6347.547,22.37936,22.24498,25.51512,82.41326,0.4675001,17.63208,0.01463454
"2016-06-09 22:00:00",20462,620.1679,599.9023,0,25.216,24.604,87.836,83.736,6350.131,22.51583,22.25129,24.9009,85.59966,0.6714583,17.63925,0.01509671
"2016-06-09 23:00:00",20463,620.1649,599.8168,0,24.644,24.375,91.16,87.859,6354.594,23.03311,22.47423,24.50671,89.80406,0.9259723,17.65165,0.01398506
"2016-06-10 00:00:00",20464,620.1038,599.7161,0,24.514,24.132,93.894,91.039,6410.259,23.16228,22.83066,24.2581,92.65324,0.1217361,17.80628,0.00832268
"2016-06-10 01:00:00",20465,620.1069,599.7497,0,24.173,23.792,96.113,93.836,6593.667,23.20999,23.05943,23.99,94.89118,0.03715278,18.31574,0.007965611
"2016-06-10 02:00:00",20466,620.0641,599.7161,0,24.064,23.772,96.859,96.014,6686.723,23.51544,23.13956,23.92661,96.59836,0.02131945,18.57423,0.007973532
"2016-06-10 03:00:00",20467,600.931,599.7894,0,24.112,23.832,97.15,96.312,6613.835,23.52028,23.29681,23.96462,96.62994,0.001736111,18.37176,0.007867247
"2016-06-10 04:00:00",20468,600.0854,599.7344,0,23.903,23.09,98.722,96.986,6803.258,23.42185,22.84538,23.51008,97.81758,0,18.89794,0.00803205
"2016-06-10 05:00:00",20469,600.0702,599.7497,0,23.171,22.78,99.676,98.426,7076.649,23.00421,22.66953,22.95926,99.21566,0,19.65736,0.008279222
"2016-06-10 06:00:00",20470,600.0793,599.7466,0,22.95,22.409,99.998,99.554,7176.085,22.93361,22.409,22.66722,99.89695,0,19.93357,0.00835685
"2016-06-10 07:00:00",20471,600.0885,599.7497,0,23.232,22.128,99.998,99.998,6900.097,23.232,22.128,22.50744,99.99786,0,19.16693,0.01445387
"2016-06-10 08:00:00",20472,619.2613,599.9176,0,24.794,23.232,99.998,95.453,6741.926,24.16853,23.232,23.84124,98.8918,0.07965278,18.72757,0.01439795
"2016-06-10 09:00:00",20473,619.3407,599.7985,0,27.107,24.632,95.48,80.148,7180.2,24.08411,22.85178,25.86207,86.82007,0.9375694,19.945,0.027143
"2016-06-10 10:00:00",20474,619.301,599.7375,0,29.728,26.738,80.602,65.848,8881.7,23.6089,22.27746,28.00054,73.82336,1.333958,24.67139,0.0538121
"2016-06-10 11:00:00",20475,619.8566,599.7772,0,31.7,28.098,71.41,56.25,10013.48,23.61461,21.66163,30.09645,64.02242,1.845903,27.81523,0.08897132
"2016-06-10 12:00:00",20476,620.0427,599.7558,0,32.718,29.63,60.403,50.956,9579.499,22.33556,20.72699,31.05147,56.5059,1.55368,26.60972,0.09203212
"2016-06-10 13:00:00",20477,620.1557,599.7283,0,34.066,31.17,54.14,42.845,9151.926,22.78854,19.01502,32.66645,48.78408,1.210764,25.42202,0.08884268
"2016-06-10 14:00:00",20478,620.2259,599.829,0,34.626,32.418,48.641,40.43,8504.79,21.41287,18.81787,33.72478,44.2771,1.524931,23.62442,0.1130527
"2016-06-10 15:00:00",20479,600.9646,599.8412,0,34.914,32.08,48.441,38.933,6830.276,20.49151,17.97681,33.7779,42.90128,1.200417,18.97299,0.09263286
"2016-06-10 16:00:00",20480,620.3083,599.9451,0,35.353,32.238,45.974,37.47,6276.739,19.79648,17.81835,33.67489,40.99081,1.015834,17.43539,0.08233846
"2016-06-10 17:00:00",20481,619.9023,599.7222,0,35.003,32.188,43.064,37.158,5894.41,19.12655,17.08949,33.41885,40.35791,0.9915276,16.37336,0.08039483
"2016-06-10 18:00:00",20482,620.3206,599.7375,0,33.698,30.189,48.6,38.441,5820.09,18.65027,17.2485,32.16032,42.72688,0.6640279,16.16692,0.05630256
"2016-06-10 19:00:00",20483,600.0702,599.7344,0,30.189,26.699,65.128,48.466,6822.029,19.73668,18.1181,28.38945,55.87262,0,18.95008,0.008703509
"2016-06-10 20:00:00",20484,620.29,599.7955,0,28.159,26.218,78.113,62.971,6796.847,22.97983,18.7777,27.40458,71.21277,0.8166668,18.88013,0.02846767
"2016-06-10 21:00:00",20485,620.2686,599.7009,0,27.098,25.796,81.656,78.168,6811.452,22.99584,22.38814,26.35591,80.2057,1.691944,18.9207,0.0311891
"2016-06-10 22:00:00",20486,620.2473,599.765,0,25.807,24.825,88.14,81.59,6773.685,22.82365,22.41242,25.26359,85.23135,0.5959723,18.81579,0.01510571
"2016-06-10 23:00:00",20487,620.2289,599.8626,0,24.835,24.453,91.55,88.191,6599.978,23.07873,22.72946,24.58957,90.21935,0.1711805,18.33327,0.009243728
"2016-06-11 00:00:00",20488,620.1771,599.7802,0,24.523,24.034,93.482,91.574,6576.655,23.15843,22.91122,24.32263,92.44472,0.1546528,18.26849,0.008715432
"2016-06-11 01:00:00",20489,620.1801,599.7344,0,24.112,23.662,95.378,93.48,6705.572,23.10931,22.86805,23.89123,94.43021,0.08944444,18.62659,0.008280355
"2016-06-11 02:00:00",20490,620.1496,599.7955,0,23.772,23.331,96.918,95.33,6780.297,23.12132,22.74632,23.59018,95.94772,0.06680555,18.83416,0.008148425
"2016-06-11 03:00:00",20491,620.1038,599.7344,0,23.692,23.35,97.125,96.355,6682.533,23.14775,22.82388,23.57154,96.66452,0.1805555,18.56259,0.008121078
"2016-06-11 04:00:00",20492,620.0977,599.7253,0,23.371,22.87,99.023,96.718,6766.223,22.932,22.65269,23.12774,97.88065,0.02173611,18.79506,0.007950451
"2016-06-11 05:00:00",20493,600.9493,599.8412,0,23.09,22.55,99.998,98.556,7105.471,23.08849,22.50723,22.81778,99.37166,0,19.73742,0.008295828
"2016-06-11 06:00:00",20494,619.8077,599.8321,0,23.251,22.73,99.964,99.406,7259.72,23.19606,22.68718,22.97362,99.80058,0.001180556,20.16589,0.008482608
"2016-06-11 07:00:00",20495,600.8516,599.7344,0,24.163,23.222,99.566,96.886,6723.15,23.66033,23.07448,23.39845,98.76023,0,18.67542,0.01426802
"2016-06-11 08:00:00",20496,600.9677,599.7344,0,26.448,24.202,96.964,77.039,7956.755,23.963,21.92899,25.29839,88.03138,0.8440276,22.1021,0.02635892
"2016-06-11 09:00:00",20497,620.1679,599.7192,0,28.43,26.198,77.742,67.332,9555.843,22.2796,21.19239,27.37368,71.45362,2.334373,26.54401,0.08192932
"2016-06-11 10:00:00",20498,620.1954,599.7466,0,30.08,28.22,67.506,56.844,10009.4,21.72209,20.13877,29.38278,60.28522,2.322847,27.80389,0.1114733
"2016-06-11 11:00:00",20499,620.1649,599.7161,0,32.338,29.201,59.91,51.064,9798.46,21.89948,19.97371,30.6105,56.00644,1.967639,27.21795,0.1096182
"2016-06-11 12:00:00",20500,620.1801,599.7558,0,32.828,30.83,56.162,49.863,7221.421,21.97153,20.10692,31.72048,52.75761,1.452709,20.0595,0.08963622
"2016-06-11 13:00:00",20501,620.1526,599.8107,0,35.125,30.958,54.117,40.688,8491.457,22.02702,19.28425,32.77097,48.32693,0.9857637,23.58738,0.07608855
"2016-06-11 14:00:00",20502,620.2747,599.8199,0,34.904,31.54,49.121,40.337,7572.696,21.66413,18.58441,32.71181,45.41386,0.6714583,21.03527,0.05898055
"2016-06-11 15:00:00",20503,620.3267,599.8321,0,36.193,33.996,43.287,36.384,7189.825,20.54367,18.13962,34.97241,39.46222,1.105278,19.97174,0.09352893
"2016-06-11 16:00:00",20504,620.0336,599.7283,0,35.771,33.597,42.705,35.792,6486.349,19.86726,17.51887,34.63136,39.02879,0.7921526,18.01764,0.0712468
"2016-06-11 17:00:00",20505,601.0348,599.826,0,35.292,32.678,41.992,37.314,6295.664,19.30303,17.31077,33.92514,39.64915,0.71875,17.48796,0.06473752
"2016-06-11 18:00:00",20506,600.8455,599.765,0,33.337,30.63,46.698,39.526,7067.111,18.32019,17.63302,31.83595,43.916,0.3300695,19.63086,0.03758494
"2016-06-11 19:00:00",20507,620.3144,599.7344,0,30.68,29.17,61.96,45.91,2922.18,21.40467,17.68124,29.97656,52.9476,0.7629167,8.117167,0.03821694
"2016-06-11 20:00:00",20508,620.3174,599.9359,0,29.439,27.589,69.773,61.927,1842.21,21.61494,21.36857,28.63173,65.49622,1.499167,5.11725,0.04472635
"2016-06-11 21:00:00",20509,620.3389,599.8962,0,27.57,26.198,76.945,69.796,1646.628,21.87889,21.57561,26.7816,73.95467,1.1725,4.573966,0.0273168
"2016-06-11 22:00:00",20510,620.3602,599.7466,0,26.198,25.336,83.796,76.941,1571.888,22.44582,21.83563,25.74113,80.32312,0.8775696,4.366355,0.01667571
"2016-06-11 23:00:00",20511,620.2686,599.7344,0,25.355,24.896,88.348,83.824,1508.462,22.89931,22.40684,25.05578,86.68114,0.3009723,4.190172,0.005785543
"2016-06-12 00:00:00",20512,620.2381,599.7344,0,24.946,24.754,89.012,88.188,1469.418,22.90388,22.77881,24.85766,88.52319,0.4641667,4.081716,0.006721896
"2016-06-12 01:00:00",20513,620.345,599.7344,0,24.864,24.744,89.676,88.794,1440.247,22.9912,22.83031,24.80516,89.15361,1.138611,4.000686,0.0114038
"2016-06-12 02:00:00",20514,620.2625,599.7711,0,24.786,24.535,92.035,89.672,1449.368,23.21805,22.94956,24.64853,90.87691,0.5313195,4.026021,0.006132407
"2016-06-12 03:00:00",20515,600.9066,599.7344,0,24.574,24.243,92.488,91.791,1463.372,23.2211,22.93385,24.41882,92.06319,0.003541667,4.064923,0.002025101
"2016-06-12 04:00:00",20516,620.2808,599.7253,0,24.375,23.893,94.004,91.976,1467.686,23.03024,22.80697,24.16158,92.78788,0,4.076905,0.001997507
"2016-06-12 05:00:00",20517,600.5861,599.8718,0,24.012,23.792,94.621,93.764,1511.348,23.04033,22.77753,23.91208,94.13512,0,4.198188,0.002039455
"2016-06-12 06:00:00",20518,620.1679,599.7527,0,24.343,23.812,94.566,93.67,1499.559,23.39183,22.81282,24.16169,94.16789,0.08104167,4.165442,0.002457892
"2016-06-12 07:00:00",20519,600.9829,599.7344,0,25.156,24.034,95.558,91.828,1577.154,23.88643,23.2456,24.40237,94.52236,0.02083333,4.380983,0.003926632
"2016-06-12 08:00:00",20520,620.2747,599.7344,0,25.615,24.986,91.992,89.55,1952.242,24.01935,23.41047,25.30682,90.65973,0.3673612,5.422895,0.008027742
"2016-06-12 09:00:00",20521,620.1435,599.7375,0,27.348,24.934,92.691,79.302,3077.334,24.88194,22.98104,26.27758,85.48428,1.223056,8.548151,0.02408889
"2016-06-12 10:00:00",20522,620.2167,599.7802,0,29.82,26.276,82.718,66.542,3619.667,23.63623,22.34347,28.03769,74.78076,0.9643749,10.05463,0.03312793
"2016-06-12 11:00:00",20523,620.2747,599.8412,0,31.978,28.15,70.34,57.376,5396.928,23.31702,21.74172,29.99076,64.08204,1.161736,14.99147,0.05603505
"2016-06-12 12:00:00",20524,610.8883,599.7344,0,33.845,29.88,64.808,49.429,6485.32,23.2634,21.0581,31.90665,56.12419,1.370625,18.01478,0.07944582
"2016-06-12 13:00:00",20525,620.3389,599.826,0,33.647,30.951,56.383,44.994,8536.641,22.04498,18.78662,32.48847,49.77161,1.401527,23.71289,0.09567871
"2016-06-12 14:00:00",20526,620.3267,599.9023,0,34.525,31.88,48.427,35.41,7603.67,20.93155,16.8954,33.28057,42.5239,1.063194,21.12131,0.0858996
"2016-06-12 15:00:00",20527,619.8718,599.6978,0,35.513,32.828,39.355,32.76,6229.98,18.65644,15.91425,34.27549,35.99827,1.615209,17.3055,0.1292059
"2016-06-12 16:00:00",20528,620.3694,599.8412,0,35.503,33.167,38.492,32.192,4496.641,18.18727,15.76618,34.45282,34.99511,1.381458,12.49067,0.1117556
"2016-06-12 17:00:00",20529,620.0336,599.8932,0,34.786,33.046,37.723,33.429,3662.589,17.96252,15.97187,34.19126,35.24067,1.11493,10.17386,0.09080168
"2016-06-12 18:00:00",20530,619.9084,599.826,0,34.406,31.09,41.61,33.966,5061.931,17.04582,16.06548,32.6164,38.31501,0.2909722,14.06092,0.03294089
"2016-06-12 19:00:00",20531,600.0702,599.7497,0,31.1,27.509,54.174,41.404,3394.059,17.97375,16.42471,29.30968,47.69019,0,9.42794,0.00464316
"2016-06-12 20:00:00",20532,620.403,599.7802,0,28.57,27.148,71.609,53.318,1925.767,21.65381,17.20781,27.83407,66.35813,1.278125,5.349353,0.03826742
"2016-06-12 21:00:00",20533,620.3724,599.8199,0,27.136,26.026,76.644,71.636,1588.404,21.66493,21.50327,26.54544,74.13003,0.7127777,4.412232,0.01865431
"2016-06-12 22:00:00",20534,620.3694,599.7497,0,26.068,25.496,79.326,76.617,1471.844,21.7235,21.5224,25.79532,77.58115,0.5384721,4.088457,0.01301585
"2016-06-12 23:00:00",20535,619.8718,599.7466,0,25.556,24.835,85.292,79.322,1417.168,22.3122,21.68765,25.21295,82.4378,0.27,3.936578,0.006471646
"2016-06-13 00:00:00",20536,620.348,599.765,0,24.854,24.353,89.023,85.344,1348.577,22.56814,22.11646,24.60846,87.27647,0.3040971,3.746046,0.005432404
"2016-06-13 01:00:00",20537,620.3022,599.7924,0,24.353,24.034,91.104,89.023,1329.914,22.65007,22.37969,24.16983,90.32774,0.1741667,3.694206,0.003408457
"2016-06-13 02:00:00",20538,620.3236,599.7314,0,24.243,24.034,91.964,90.718,1297.827,22.71976,22.56982,24.1633,91.21553,0.3604861,3.605075,0.004598979
"2016-06-13 03:00:00",20539,620.2839,599.7527,0,24.102,23.822,93.34,91.842,1297.853,22.86262,22.60527,23.94051,92.74296,0.4661112,3.605147,0.004658403
"2016-06-13 04:00:00",20540,620.3083,599.8718,0,24.234,23.802,93.254,91.796,1282.721,22.93252,22.52513,24.09475,92.42728,0.8906251,3.563114,0.007010804
"2016-06-13 05:00:00",20541,600.9554,599.7802,0,24.173,23.672,92.504,85.779,1275.141,22.54119,21.6141,23.87968,89.468,0.8509028,3.542059,0.00887135
"2016-06-13 06:00:00",20542,600.9341,599.7344,0,24.132,23.43,87.574,85.964,1295.531,21.70454,21.12923,23.81554,86.95341,0.2979167,3.598698,0.005328888
"2016-06-13 07:00:00",20543,620.1893,599.7497,0,23.772,23.161,86.902,82.46,1346.194,21.12923,20.57342,23.36187,85.78641,0.002152778,3.739428,0.003405714
"2016-06-13 08:00:00",20544,600.9432,599.826,0,25.406,23.752,82.406,73.306,1938.795,20.68672,20.02067,24.73227,76.44951,1.618959,5.385541,0.03979795
"2016-06-13 09:00:00",20545,619.7741,599.765,0,26.538,24.764,75.695,69.203,2433.751,20.76507,20.11034,25.48119,73.00105,1.577084,6.760419,0.04570133
"2016-06-13 10:00:00",20546,619.8474,599.7161,0,28.06,26.218,70.842,60.859,4527.763,20.87467,19.56183,27.16506,66.08471,0.9900694,12.57712,0.04391793
"2016-06-13 11:00:00",20547,620.2534,599.7344,0,30.138,27.2,64.582,57.127,4880.479,21.68714,19.61086,28.39002,61.9178,1.41125,13.55689,0.06506459
"2016-06-13 12:00:00",20548,620.2747,599.8871,0,31.048,28.88,60.955,52.934,3958.687,21.23067,19.39019,29.82319,56.43597,1.444375,10.99635,0.07427197
"2016-06-13 13:00:00",20549,620.3541,599.8871,0,31.888,29.109,57.539,47.858,7058.979,20.85131,18.78811,30.67718,51.74228,0.993264,19.60827,0.06746359
"2016-06-13 14:00:00",20550,620.3877,599.829,0,33.826,31.02,51.107,38.835,7839.623,20.49297,17.15168,32.53608,43.79388,1.3825,21.77673,0.1023977
"2016-06-13 15:00:00",20551,619.9329,599.9023,0,34.614,31.451,44.728,34.716,5813.633,18.91898,15.93213,33.17001,38.42108,1.031528,16.14898,0.08473597
"2016-06-13 16:00:00",20552,619.8932,599.8412,0,35.054,32.158,39.042,31.26,4461.295,18.8026,14.89851,33.7954,34.31371,1.18493,12.39249,0.09810849
"2016-06-13 17:00:00",20553,619.9115,599.8596,0,34.025,30.541,50.095,31.907,4077.985,21.71214,14.12888,32.27221,36.67296,0.62375,11.32774,0.05439786
"2016-06-13 18:00:00",20554,619.9329,599.7344,0,31.938,30.119,39.428,34.052,6339.432,15.40763,13.82688,31.05495,36.50748,0.5202777,17.60953,0.05151086
"2016-06-13 19:00:00",20555,600.116,599.7344,0,30.119,28.188,42.282,36.953,2113.794,14.2809,13.54268,28.94774,39.66527,0.02215278,5.871649,0.004578726
"2016-06-13 20:00:00",20556,620.4152,599.7344,0,28.458,26.198,66.546,41.517,1595.571,19.67585,14.11135,27.05936,60.22916,1.315277,4.432142,0.04465044
"2016-06-13 21:00:00",20557,620.4091,599.7833,0,26.198,25.085,72.084,66.539,1506.449,19.7507,19.42268,25.56459,69.27099,0.5256943,4.184582,0.01683076
"2016-06-13 22:00:00",20558,620.3724,599.7497,0,25.126,24.414,80.242,72.111,1420.65,20.82226,19.7156,24.7189,76.40911,0.6278472,3.946249,0.01486135
"2016-06-13 23:00:00",20559,620.3022,599.7375,0,24.445,23.532,85.808,80.218,1354.194,21.17618,20.80183,23.97522,82.94779,0.4786805,3.761651,0.009043963
"2016-06-14 00:00:00",20560,620.2869,599.7497,0,23.802,22.85,89.012,85.136,1309.691,21.24825,20.82641,23.37923,86.849,0.3478472,3.638031,0.005869091
"2016-06-14 01:00:00",20561,600.3969,599.8351,0,23.201,22.81,89.046,87.934,1312.351,21.20043,20.91592,23.01773,88.65667,0.00375,3.645418,0.00186261
"2016-06-14 02:00:00",20562,620.345,599.7131,0,23.222,22.689,89.886,88.25,1337.183,21.24935,20.88846,22.95065,88.97563,0.01111111,3.714397,0.001963997
"2016-06-14 03:00:00",20563,600.7662,599.8565,0,22.8,22.168,92.346,89.144,1335.085,21.01296,20.75784,22.41336,90.84229,0,3.70857,0.001832057
"2016-06-14 04:00:00",20564,600.9005,599.9939,0,22.448,21.194,94.796,91.688,1387.519,21.14387,20.33882,21.82239,92.99374,0,3.854221,0.001874506
"2016-06-14 05:00:00",20565,600.9005,600.5403,0,21.206,19.88,97.796,94.844,1608.077,20.36475,19.48188,20.47349,96.32479,0,4.466882,0.002080471
"2016-06-14 06:00:00",20566,600.8975,600.6166,0,20,19.468,99.012,97.25,1820.701,19.71083,19.24063,19.70674,98.35587,0,5.057502,0.002284636
"2016-06-14 07:00:00",20567,600.8975,599.768,0,22.188,19.458,99.457,97.191,1951.1,21.7978,19.31001,20.02413,98.75397,0,5.419723,0.004377965
"2016-06-14 08:00:00",20568,620.1557,599.7344,0,25.856,22.248,97.648,74.926,2132.485,23.01716,20.71618,24.27439,85.69581,0.2535416,5.92357,0.008577198
"2016-06-14 09:00:00",20569,620.2289,599.7253,0,27.368,25.436,75.496,62.333,2817.002,21.09618,19.35209,26.42763,68.74002,1.157153,7.825007,0.04209813
"2016-06-14 10:00:00",20570,600.9677,599.8779,0,29.708,27.178,64.003,52.689,6320.808,20.10932,18.65761,28.33693,58.18333,1.849444,17.5578,0.08983878
"2016-06-14 11:00:00",20571,620.3541,599.7344,0,31.16,28.85,58.766,44.586,4583.655,20.29949,17.2934,30.21475,49.87286,2.192847,12.73238,0.1209887
"2016-06-14 12:00:00",20572,620.3389,599.7985,0,32.508,29.84,49.679,38.376,6554.35,19.08317,16.2561,31.39925,43.72778,2.102083,18.20653,0.1368539
"2016-06-14 13:00:00",20573,600.9554,599.7589,0,33.078,31.09,43.347,35.177,7572.836,18.00034,15.27947,31.96717,39.63231,2.04132,21.03566,0.1459053
"2016-06-14 14:00:00",20574,620.4304,599.8107,0,33.667,31.15,41.736,33.212,6497.07,17.73372,14.87656,32.73419,36.61394,1.761528,18.04742,0.1348719
"2016-06-14 15:00:00",20575,600.9615,599.7924,0,34.894,32.168,37.163,31.846,5497.303,17.12438,14.86476,33.5581,34.25091,1.540555,15.27029,0.1243762
"2016-06-14 16:00:00",20576,620.3663,599.8565,0,34.716,32.428,37.919,31.062,3662.256,16.83048,14.73824,33.65712,33.98085,1.656319,10.17293,0.1288859
"2016-06-14 17:00:00",20577,620.0305,599.768,0,34.505,31.478,39.396,32.468,3362.217,17.35904,15.15899,33.11349,35.48539,1.128681,9.339491,0.08937562
"2016-06-14 18:00:00",20578,619.9054,599.7955,0,33.337,31.138,39.562,34.658,2333.117,16.18225,15.19297,32.23211,36.77866,0.4338889,6.48088,0.03728012
"2016-06-14 19:00:00",20579,619.9084,599.7344,0,31.17,29.638,44.253,38.607,2051.675,16.26275,15.40937,30.71206,41.00234,0.7434027,5.699098,0.04587736
"2016-06-14 20:00:00",20580,619.9146,599.8565,0,29.638,28.298,53.72,44.082,1976.035,18.52156,16.10308,28.73795,47.73824,0.1564583,5.488986,0.01149438
"2016-06-14 21:00:00",20581,620.348,599.9451,0,28.81,26.968,64.632,53.784,1900.353,19.75552,18.48231,27.74388,60.18057,1.446181,5.278758,0.04898307
"2016-06-14 22:00:00",20582,620.2991,599.9329,0,26.968,25.956,72.732,64.57,1844.78,20.75805,19.72207,26.30086,69.70105,0.3458332,5.12439,0.01259413
"2016-06-14 23:00:00",20583,620.3633,599.8871,0,26.007,25.184,77.382,72.664,1714.161,21.09926,20.70443,25.60965,75.22974,0,4.761558,0.002375304
"2016-06-15 00:00:00",20584,620.3267,599.7894,0,25.246,24.735,84.371,77.378,1583.631,22.0215,20.96708,25.01185,81.49197,0.1072223,4.398976,0.004125621
"2016-06-15 01:00:00",20585,620.3358,599.7955,0,24.744,24.394,88.93,84.361,1492.045,22.50623,21.85593,24.50136,86.75816,0.05048611,4.14457,0.002702088
"2016-06-15 02:00:00",20586,619.9481,599.7985,0,24.434,24.273,90.668,88.949,1464.325,22.72639,22.46066,24.3714,89.88256,0.2806944,4.067568,0.004575809
"2016-06-15 03:00:00",20587,619.8505,599.7802,0,24.353,23.872,92.816,90.609,1498.5,22.76985,22.58941,24.12615,91.65445,0.2326389,4.162498,0.003781271
"2016-06-15 04:00:00",20588,620.3846,599.8993,0,23.872,23.312,94.703,92.789,1664.322,22.72611,22.39422,23.59771,93.8367,0,4.623116,0.002210419
"2016-06-15 05:00:00",20589,620.3328,599.9054,0,23.331,22.63,96.352,94.64,1836.501,22.47373,21.96414,23.02222,95.31636,0,5.101392,0.002389849
"2016-06-15 06:00:00",20590,600.0702,599.8871,0,22.678,22.338,97.312,96.287,2180.067,22.11565,21.85642,22.48993,96.93277,0,6.055741,0.002757812
"2016-06-15 07:00:00",20591,620.1862,599.7497,0,23.832,22.228,97.52,91.359,2156.106,22.88136,21.78625,22.74792,96.33553,0.008333334,5.989184,0.004958983
"2016-06-15 08:00:00",20592,600.9188,599.7497,0,25.716,23.292,91.246,74.184,1977.22,22.02216,20.31841,24.85493,79.35213,0.5585417,5.492278,0.01608036
"2016-06-15 09:00:00",20593,619.8932,599.8107,0,28.07,24.966,75.74,63.491,2683.33,21.33823,20.2656,26.96978,68.93296,1.105695,7.453694,0.04053246
"2016-06-15 10:00:00",20594,619.9207,599.7344,0,29.298,27.638,65.484,59.068,2868.842,20.99474,19.71884,28.27381,62.44137,1.670694,7.969006,0.06906068
"2016-06-15 11:00:00",20595,600.9371,599.7344,0,30.92,28.56,60.848,50.186,3772.782,21.1236,19.01132,29.53776,55.95374,2.195694,10.47995,0.1046237
"2016-06-15 12:00:00",20596,620.3144,599.8107,0,31.298,29.84,54.712,49.322,3437.288,20.17022,18.73595,30.4954,51.66378,1.717084,9.548023,0.09398365
"2016-06-15 13:00:00",20597,620.3236,599.9023,0,32.648,29.65,53.437,44.398,3148.165,20.09467,18.06988,30.97606,48.13814,1.705764,8.744903,0.09998144
"2016-06-15 14:00:00",20598,619.9268,599.826,0,34.486,30.99,48.074,38.466,3952.835,20.65508,17.28194,32.63116,43.06142,1.461805,10.9801,0.09993251
"2016-06-15 15:00:00",20599,620.3999,599.8107,0,34.134,31.458,45.162,37.658,3328.863,19.4642,16.67106,32.80286,41.33979,1.480694,9.246842,0.1027655
"2016-06-15 16:00:00",20600,619.8871,599.8871,0,34.923,31.548,42.22,35.071,3037.963,19.11294,16.59661,33.15831,38.77744,1.301876,8.438786,0.09562907
"2016-06-15 17:00:00",20601,620.0336,599.765,0,33.966,31.15,43.626,37.035,3250.607,18.26531,16.44291,32.27622,40.21972,0.7724304,9.029464,0.05962084
"2016-06-15 18:00:00",20602,600.9554,599.9084,0,33.267,30.74,41.488,37.216,2629.893,17.16934,15.53291,31.82454,39.34489,0.4764583,7.305259,0.03926909
"2016-06-15 19:00:00",20603,600.9829,599.826,0,30.82,27.728,50.9,40.145,1884.067,16.73549,15.6339,28.7754,46.41817,0.01166667,5.233519,0.003473448
"2016-06-15 20:00:00",20604,600.29,599.765,0,28.07,25.114,62.169,47.9,1835.536,17.65398,15.96386,26.41828,55.57247,0,5.09871,0.002631055
"2016-06-15 21:00:00",20605,619.8627,599.7955,0,26.598,24.214,68.798,56.992,1844.953,20.08982,16.56594,25.67819,64.45634,0.1872222,5.12487,0.009117194
"2016-06-15 22:00:00",20606,600.9585,599.7924,0,25.776,25.175,77.09,68.798,1812.463,20.94183,19.52454,25.48975,73.31242,0.05145833,5.034618,0.003878182
"2016-06-15 23:00:00",20607,600.8608,599.9634,0,25.316,24.353,83.184,77.119,1657.743,21.46857,20.93565,24.98529,79.49335,0.02840278,4.604843,0.002861866
"2016-06-16 00:00:00",20608,600.6594,599.9939,0,24.703,24.124,86.426,82.296,1602.694,21.99709,21.34611,24.48126,84.18771,0,4.451927,0.002190225
"2016-06-16 01:00:00",20609,600.9829,600.2259,0,24.434,23.682,89.355,85.546,1585.17,22.29312,21.44312,23.96824,88.16695,0,4.403249,0.002146893
"2016-06-16 02:00:00",20610,600.6807,600.29,0,23.884,22.529,93.378,88.43,1698.799,21.99075,21.14937,23.089,91.31065,0,4.718886,0.0022498
"2016-06-16 03:00:00",20611,600.8853,600.2015,0,22.54,21.736,95.656,92.988,2056.785,21.44775,20.88272,22.14371,94.3069,0,5.713292,0.002619782
"2016-06-16 04:00:00",20612,600.928,600.699,0,22.158,21.235,96.186,94.537,2190.182,21.41695,20.61035,21.58857,95.49109,0,6.083838,0.002748232
"2016-06-16 05:00:00",20613,600.9432,600.2564,0,21.676,20.823,98.484,95.962,2517.17,21.38091,20.30221,21.12033,96.97942,0,6.992139,0.003087443
"2016-06-16 06:00:00",20614,600.9829,600.4243,0,21.084,20.251,98.955,97.359,2633.92,20.90836,20.08229,20.66729,98.32581,0,7.316443,0.003193498
"2016-06-16 07:00:00",20615,600.7326,600.4426,0,22.91,20.132,99.541,96.617,2703.847,22.46727,19.98497,21.30695,98.77801,0,7.510686,0.005928574
"2016-06-16 08:00:00",20616,601.5079,599.8321,0,26.498,22.94,96.699,78.996,4359.804,23.59259,22.24165,24.95185,88.3997,0.06326389,12.11057,0.01039247
"2016-06-16 09:00:00",20617,620.2503,599.8565,0,28.38,26.456,79.804,66.886,6394.357,23.1892,21.2845,27.33409,73.7907,0.6025695,17.7621,0.03032795
"2016-06-16 10:00:00",20618,620.2747,599.765,0,29.859,27.208,70.023,59.288,3865.619,22.37438,20.18821,28.55962,64.01627,1.931596,10.73783,0.07717609
"2016-06-16 11:00:00",20619,619.9084,599.7802,0,30.388,27.82,64.503,55.519,3447.535,21.63211,20.03454,29.31881,59.57275,1.277708,9.576488,0.06145524
"2016-06-16 12:00:00",20620,600.9707,599.7955,0,32.128,29.52,58.851,47.984,4222.19,21.6221,18.62314,30.92459,52.073,1.49625,11.72831,0.08534847
"2016-06-16 13:00:00",20621,620.406,599.7558,0,33.027,30.56,50.56,42.664,4271.772,20.56996,18.13076,31.99811,46.43078,1.841389,11.86603,0.1142401
"2016-06-16 14:00:00",20622,620.0488,599.8443,0,34.335,32.357,47.447,37.773,4394.047,20.38137,17.65752,33.2833,41.79584,1.730139,12.20569,0.1197583
"2016-06-16 15:00:00",20623,620.0488,599.9084,0,35.074,32.546,41.678,35.822,3868.76,19.62115,16.49718,34.03463,38.24508,1.376667,10.74656,0.1043289
"2016-06-16 16:00:00",20624,619.939,599.8687,2.54,35.203,32.988,40.044,34.862,4279.519,18.53279,16.28381,34.23156,36.68707,1.163542,11.88755,0.09365718
"2016-06-16 17:00:00",20625,603.9377,599.7009,0,34.843,32.527,39.16,33.976,3250.809,17.64223,16.04783,33.71438,36.43362,1.176111,9.030025,0.09190141
"2016-06-16 18:00:00",20626,620.1099,599.9359,0,33.896,30.958,40.736,34.667,2784.132,17.03611,15.62029,32.50732,37.31367,0.6307639,7.7337,0.05173157
"2016-06-16 19:00:00",20627,600.986,599.7955,0,30.978,27.909,49.246,39.615,2953.429,16.53086,15.52579,29.65754,43.44145,0.04201389,8.203969,0.006736415
"2016-06-16 20:00:00",20628,600.6441,599.7222,0,28.38,26.296,57.066,46.408,3909.618,17.25127,15.65189,27.30898,51.54697,0,10.86005,0.005151684
"2016-06-16 21:00:00",20629,619.9237,599.826,0,26.848,25.455,62.763,53.5,3978.963,18.43309,16.36454,26.33619,58.97511,0.5207639,11.05267,0.02465605
"2016-06-16 22:00:00",20630,620.3755,599.8077,0,26.198,24.695,70.3,62.48,4115.239,18.99919,18.40014,25.41076,66.03202,0.3057639,11.43122,0.01489192
"2016-06-16 23:00:00",20631,600.9188,599.8565,0,24.786,24.054,76.125,70.125,4224.336,20.01143,18.96224,24.35364,73.6703,0.001527778,11.73427,0.005284491
"2016-06-17 00:00:00",20632,600.7112,599.71,0,24.314,22.57,84.695,75.99,3970.723,20.20043,19.64757,23.61651,79.96673,0,11.02979,0.004886651
"2016-06-17 01:00:00",20633,600.5952,599.8321,0,23.752,22.168,86.359,84.074,3929.84,21.16971,19.52521,22.99892,85.43755,0,10.91622,0.004784377
"2016-06-17 02:00:00",20634,600.58,599.8474,0,23.292,21.686,90.492,84.464,3964.425,20.98646,20.07799,22.57868,87.66041,0,11.01229,0.004790858
"2016-06-17 03:00:00",20635,600.3724,599.7466,0,22.168,20.944,93.3,90.154,4359.539,20.65659,19.73734,21.50801,91.7244,0,12.10983,0.005147793
"2016-06-17 04:00:00",20636,600.7662,599.765,0,20.944,20.02,95.938,93.136,4620.232,19.83681,19.19799,20.3907,94.76405,0,12.83398,0.005341459
"2016-06-17 05:00:00",20637,600.8272,600.4792,0,20.352,19.539,97.292,95.375,4520.954,19.70195,19.00564,19.85582,96.3308,0,12.55821,0.00518875
"2016-06-17 06:00:00",20638,600.8272,600.3174,0,20.361,19.438,98.292,96.882,4554.829,19.96554,19.10722,19.8196,97.50352,0,12.6523,0.005218923
"2016-06-17 07:00:00",20639,600.6196,600.3785,0,20.643,19.539,98.894,98.078,4616.382,20.35434,19.28918,19.86856,98.42168,0,12.82328,0.009515015
"2016-06-17 08:00:00",20640,620.0183,599.7314,0,25.265,20.632,98.136,78.064,4487.358,22.68653,20.3257,22.90585,92.05949,0,12.46488,0.009689528
"2016-06-17 09:00:00",20641,620.3328,599.7985,0,27.978,25.056,78.574,65.363,5458.804,22.05556,20.5584,26.48028,72.27014,0.5351387,15.16334,0.02715877
"2016-06-17 10:00:00",20642,619.9268,599.7802,0,29.24,26.976,68.375,56.182,6855.755,21.16097,19.36081,28.28667,61.64326,1.499444,19.04376,0.07242459
"2016-06-17 11:00:00",20643,619.9329,599.8993,0,31.228,28.478,59.4,48.152,7807.995,20.36646,17.60222,29.82347,52.81583,2.27514,21.68887,0.1234403
"2016-06-17 12:00:00",20644,619.7985,599.9329,0,32.029,29.38,50.179,40.296,7696.204,18.47993,16.18124,30.84235,44.01788,2.277916,21.37835,0.1461485
"2016-06-17 13:00:00",20645,620.1221,599.8779,0,33.616,30.58,45.21,33.724,6383.398,18.02831,15.1058,32.08851,39.92517,2.057499,17.73166,0.1440351
"2016-06-17 14:00:00",20646,619.9329,599.8138,0,34.406,32.418,39.046,31.178,5462.497,17.04134,14.50289,33.41775,34.29998,1.901111,15.1736,0.1477357
"2016-06-17 15:00:00",20647,619.9329,599.881,0,34.537,33.097,36.107,30.142,5101.167,16.78436,14.34183,33.99757,32.70945,1.954792,14.16991,0.1552634
"2016-06-17 16:00:00",20648,620.0458,599.8168,0,34.825,33.468,33.156,27.29,4320.981,15.98001,12.86936,34.14099,29.53183,1.816181,12.00273,0.1509735
"2016-06-17 17:00:00",20649,620.1008,599.8871,0,35.593,33.097,32.742,27.53,3843.982,15.64734,13.20112,33.92407,30.24385,1.11243,10.67773,0.0970458
"2016-06-17 18:00:00",20650,600.9402,599.7497,0,33.765,30.4,33.464,29.266,3435.37,15.23277,11.42065,32.13628,30.63505,1.3475,9.542694,0.109876
"2016-06-17 19:00:00",20651,600.0824,599.8107,0,30.451,28.138,35.226,31.156,3988.321,11.84628,11.02056,29.01705,33.6855,0.08430555,11.07867,0.0114258
"2016-06-17 20:00:00",20652,619.9451,599.8412,0,28.15,25.917,54.152,34.822,4355.806,17.10143,11.18022,27.45507,40.53447,0.508611,12.09946,0.03434
"2016-06-17 21:00:00",20653,619.9969,599.7375,0,27.088,25.175,65.302,51.652,4417.604,18.26267,15.23644,25.89649,57.20929,0.09034722,12.27112,0.009489569
"2016-06-17 22:00:00",20654,620.3602,599.7344,0,25.396,24.334,73.447,65.365,4336.474,19.36564,18.21493,24.95324,69.66053,0.08951388,12.04576,0.008049522
"2016-06-17 23:00:00",20655,619.8932,599.7772,0,24.334,24.042,80.248,73.47,4089.502,20.51294,19.24805,24.16897,77.07476,0.5543055,11.35973,0.01572775
"2016-06-18 00:00:00",20656,600.9585,599.7924,0,24.073,22.82,84.865,80.246,3910.099,20.504,20.02071,23.26929,82.94318,0.05930556,10.86139,0.005707593
"2016-06-18 01:00:00",20657,600.4701,599.9207,0,23.322,22.89,86.617,84.312,3846.988,20.96123,20.1937,23.12613,85.31281,0.006805556,10.68608,0.004789419
"2016-06-18 02:00:00",20658,600.9036,599.9329,0,23.341,22.529,91.17,86.441,3663.509,21.59435,20.74302,23.11509,88.53146,0.01354166,10.17641,0.004616958
"2016-06-18 03:00:00",20659,600.9066,599.9329,0,23.191,22.428,93.882,90.779,3597.107,22.1016,20.96643,22.85973,92.77532,0,9.991963,0.004376017
"2016-06-18 04:00:00",20660,600.3327,599.9084,0,22.88,22.448,93.758,92.714,3534.085,21.78548,21.3434,22.67009,93.31273,0,9.816903,0.00429381
"2016-06-18 05:00:00",20661,600.2961,599.7497,0,23.251,22.509,93.684,92.886,3509.413,22.06539,21.41089,22.93527,93.30022,0,9.748368,0.004279235
"2016-06-18 06:00:00",20662,600.928,599.9329,0,23.281,23.06,93.105,92.699,3438.149,22.07764,21.86799,23.15231,92.89266,0,9.550414,0.004210664
"2016-06-18 07:00:00",20663,600.4762,599.9695,0,25.014,23.12,93.43,87.31,3646.173,23.15255,21.95847,23.71734,91.84627,0,10.12826,0.008059487
"2016-06-18 08:00:00",20664,620.2778,599.7955,0,25.878,24.453,87.792,82.976,3079.657,22.9553,22.22079,24.87203,86.53445,0.05930556,8.554602,0.007807418
"2016-06-18 09:00:00",20665,620.2869,599.7711,0,26.748,25.496,82.867,74.922,3241.983,22.72513,21.38257,26.19093,77.86914,0.7666669,9.005508,0.02428343
"2016-06-18 10:00:00",20666,620.3297,599.8718,0,28.619,26.177,75.876,64.064,3834.128,21.92058,20.51652,27.42014,68.9963,0.7063195,10.65036,0.03125225
"2016-06-18 11:00:00",20667,620.3389,599.7405,0,30.6,28.169,66.004,52.407,5595.474,21.37572,19.08162,28.84076,60.20992,1.008195,15.54298,0.05421105
"2016-06-18 12:00:00",20668,620.3297,599.9115,0,32.488,29.02,57.446,46.294,6819.456,20.59955,18.43613,30.30174,52.34918,1.521319,18.94293,0.0905444
"2016-06-18 13:00:00",20669,620.3236,599.7558,0,33.947,30.24,52.171,40.863,7321.548,20.27693,17.7449,31.723,46.63743,1.177431,20.33763,0.08476163
"2016-06-18 14:00:00",20670,620.3358,599.7802,0,34.335,31.669,46.844,37.681,6565.191,19.68588,16.98214,32.80268,41.94251,1.404236,18.23664,0.1041939
"2016-06-18 15:00:00",20671,619.8932,599.9329,0,35.375,31.42,42.286,32.602,4867.483,18.82117,15.53594,33.13681,37.69884,1.054652,13.52079,0.08499893
"2016-06-18 16:00:00",20672,600.9707,599.9329,0,34.945,32.476,38.406,32.076,4884.771,17.10892,15.30796,33.85979,34.37193,1.182639,13.56881,0.09888846
"2016-06-18 17:00:00",20673,619.9939,599.7375,0,34.515,32.348,37.199,32.576,4371.854,16.45757,15.20046,32.98562,35.30013,1.062639,12.14404,0.08713926
"2016-06-18 18:00:00",20674,620.0671,599.7955,0,33.277,30.728,38.666,34.126,5040.907,15.85595,14.8746,31.94551,36.34386,0.9088196,14.00252,0.07580426
"2016-06-18 19:00:00",20675,600.1038,599.7344,0,30.72,28.259,44.724,38.486,2709.397,15.22346,14.83923,29.40117,41.58392,0.06902778,7.526104,0.008210933
"2016-06-18 20:00:00",20676,620.0305,599.8474,0,28.42,26.968,60.201,44.246,2508.793,18.66885,14.8803,27.64003,53.8954,0.6166669,6.968869,0.02998427
"2016-06-18 21:00:00",20677,620.3969,599.9329,0,27.058,26.366,64.074,59.935,2491.894,19.09021,18.61163,26.67848,62.04927,0.7754167,6.921927,0.02930665
"2016-06-18 22:00:00",20678,620.3846,599.7802,0,26.366,25.216,72.91,64.011,2451.988,20.05766,19.02132,25.74992,68.00485,0.8607639,6.811079,0.0265149
"2016-06-18 23:00:00",20679,619.9664,599.8077,0,25.316,24.414,82.628,72.882,2325.476,21.31884,20.05145,24.9401,78.01752,1.102084,6.459656,0.02195019
"2016-06-19 00:00:00",20680,619.8901,599.7497,0,24.445,23.752,87.117,82.574,2231.706,21.55771,21.21596,24.01507,85.02857,0.003125,6.199183,0.00294447
"2016-06-19 01:00:00",20681,600.5952,599.9451,0,23.944,23.371,88.794,86.898,2177.514,21.7222,21.29029,23.53209,87.89159,0.01076389,6.04865,0.002936802
"2016-06-19 02:00:00",20682,600.873,599.826,0,23.462,23.201,91.09,88.796,2128.811,21.75853,21.44927,23.34573,89.80196,0,5.913363,0.002747149
"2016-06-19 03:00:00",20683,620.3816,599.8596,0,23.532,23.241,91.468,90.542,2086.928,21.94316,21.68822,23.38425,90.96329,0.1361111,5.797022,0.00379134
"2016-06-19 04:00:00",20684,620.3052,599.8565,0,23.271,21.788,95.092,91.172,2086.632,21.81487,20.78753,22.56962,92.86887,0.00375,5.796199,0.002692622
"2016-06-19 05:00:00",20685,600.9036,599.8565,0,21.827,20.843,97.972,95.082,2467.529,21.07753,20.45403,21.36825,96.49237,0,6.854247,0.003043355
"2016-06-19 06:00:00",20686,600.6411,599.7985,0,20.843,20.06,99.176,97.554,3014.517,20.54375,19.84916,20.50804,98.44655,0,8.373658,0.003599297
"2016-06-19 07:00:00",20687,600.0854,599.7344,0,22.168,19.829,99.83,96.962,3505.882,22.08401,19.67601,20.5098,99.10529,0,9.738561,0.00743403
"2016-06-19 08:00:00",20688,600.9402,599.7497,0,25.716,21.746,97.544,76.992,3292.152,23.02369,21.27839,24.26894,87.71801,0.3554166,9.144868,0.01158622
"2016-06-19 09:00:00",20689,600.9463,599.7497,0,28.208,25.544,77.462,56.547,3635.803,21.72382,18.57896,26.98599,66.9133,1.114861,10.09945,0.0450028
"2016-06-19 10:00:00",20690,619.9603,599.8901,0,30.13,27.56,58.754,48.035,4094.802,19.19307,17.47962,28.81729,52.86554,1.92021,11.37445,0.09909068
"2016-06-19 11:00:00",20691,600.9402,599.7802,0,31.451,29.5,51.265,42.06,4479.34,18.884,16.33545,30.51724,45.922,1.874653,12.44261,0.1144766
"2016-06-19 12:00:00",20692,606.978,599.8504,0,33.158,30.57,46.36,37.368,4766.808,18.35738,16.27158,31.79611,41.13186,2.034168,13.24113,0.1360878
"2016-06-19 13:00:00",20693,600.9707,599.7589,0,33.986,32.178,40.998,33.294,4825.6,18.19005,15.38408,33.17841,36.96642,2.012361,13.40444,0.1471926
"2016-06-19 14:00:00",20694,620.406,599.8565,0,34.815,33.087,38.005,31.434,4601.448,17.85353,14.98862,34.04671,33.94699,1.646667,12.7818,0.1310893
"2016-06-19 15:00:00",20695,620.0458,599.826,0,35.583,33.117,35.364,28.674,4411.935,17.00662,14.12145,34.73471,31.72488,1.480209,12.25537,0.1243016
"2016-06-19 16:00:00",20696,619.9573,599.826,0,35.733,33.257,32.285,27.839,4076.855,15.78823,13.69004,34.63885,29.65635,1.628472,11.3246,0.1377596
"2016-06-19 17:00:00",20697,620.0305,599.8412,0,35.802,33.437,31.415,27.931,3667.984,15.24832,13.6939,34.50403,29.76738,1.115625,10.18884,0.09831235
"2016-06-19 18:00:00",20698,600.928,599.7955,0,34.076,31.678,33.455,29.162,2950.309,14.05482,13.33759,32.94807,31.14451,1.260277,8.195303,0.1032486
"2016-06-19 19:00:00",20699,600.0854,599.7527,0,31.669,28.83,40.664,33.248,2856.67,14.23123,13.55113,30.06947,37.059,0.04180555,7.935194,0.006982713
"2016-06-19 20:00:00",20700,620.0305,599.7894,0,29.35,27.298,67.91,40.523,2527.142,20.89324,14.04321,28.30031,60.80432,1.693195,7.01984,0.05521471
"2016-06-19 21:00:00",20701,620.4579,599.8138,0,27.298,25.997,77.888,68.002,2466.845,21.86648,20.8689,26.64409,72.84272,1.826737,6.852346,0.03912326
"2016-06-19 22:00:00",20702,620.3938,599.7344,0,25.997,25.094,83.746,77.882,1944.144,22.18207,21.83374,25.49142,81.13952,1.168751,5.400401,0.01984942
"2016-06-19 23:00:00",20703,620.3572,599.7802,0,25.094,24.564,87.798,83.742,1965.287,22.44396,22.15122,24.77188,86.06578,0.7877083,5.459131,0.01157935
"2016-06-20 00:00:00",20704,619.9329,599.7955,0,24.594,24.382,89.434,87.796,2387.352,22.63233,22.37729,24.46799,88.85335,0.6209722,6.631534,0.008758165
"2016-06-20 01:00:00",20705,600.9341,599.8412,0,24.594,24.394,89.676,89.126,1867.82,22.72221,22.58795,24.48143,89.42085,1.060069,5.188388,0.01096448
"2016-06-20 02:00:00",20706,620.348,599.7344,0,24.604,24.314,90.174,89.154,1793.155,22.74756,22.5857,24.48569,89.57318,0.553611,4.980985,0.007262663
"2016-06-20 03:00:00",20707,620.2869,599.7497,0,24.414,24.263,90.611,89.949,1776.886,22.74815,22.57493,24.34762,90.25307,0.02472222,4.935793,0.002594138
"2016-06-20 04:00:00",20708,620.3358,599.7344,0,24.314,24.022,90.742,89.734,1782.136,22.58553,22.32243,24.12093,90.26096,0.05749999,4.950379,0.002892766
"2016-06-20 05:00:00",20709,601.7399,599.7344,0,24.112,23.452,91.722,88.98,1785.275,22.37722,21.89463,23.77546,90.19527,0,4.959097,0.002364542
"2016-06-20 06:00:00",20710,620.3907,599.8871,0,23.472,23.05,93.406,91.65,1847.174,22.0986,21.9041,23.18137,92.85088,0,5.13104,0.002413732
"2016-06-20 07:00:00",20711,620.3846,599.8871,0,24.404,23.11,92.936,85.859,1947.313,22.25918,21.80991,23.55795,91.07158,0,5.409203,0.004574656
"2016-06-20 08:00:00",20712,620.2167,599.7344,0,26.488,24.375,85.861,72.378,2479.854,21.97964,20.90921,25.27911,79.29108,1.0475,6.888484,0.02661774
"2016-06-20 09:00:00",20713,619.8107,599.7222,0,28.541,26.077,73.31,64.14,2935.264,21.34302,20.64644,27.09407,69.22814,1.778612,8.153512,0.05944928
"2016-06-20 10:00:00",20714,623.5715,599.765,0,30.1,28.018,64.582,55.515,3578.297,21.35351,19.88846,29.1055,60.02236,2.092917,9.939713,0.09090145
"2016-06-20 11:00:00",20715,600.9249,599.7466,0,31.32,27.868,62.451,50.029,3912.74,20.8018,19.43594,30.16373,55.01162,1.965069,10.86872,0.09880032
"2016-06-20 12:00:00",20716,620.3999,599.7497,0,31.81,29.951,53.974,48.021,3474.212,20.49174,18.80668,30.98455,50.31566,1.893125,9.65059,0.1055956
"2016-06-20 13:00:00",20717,619.9146,599.8871,0,34.056,31.22,51.1,40.98,4525.052,20.26128,18.29819,32.86611,45.03438,2.519445,12.56959,0.1547949
"2016-06-20 14:00:00",20718,619.9542,599.7497,0,34.316,31.189,47.938,38.785,3836.792,20.29431,17.91646,33.2762,42.06086,1.897569,10.65775,0.1277095
"2016-06-20 15:00:00",20719,620.0183,599.7344,0,34.306,32.408,43.858,38.001,3136.206,19.46464,17.10166,33.22928,40.71824,1.90743,8.711682,0.1294847
"2016-06-20 16:00:00",20720,620.4213,599.9023,0,34.894,32.518,40.521,34.648,3090.26,18.59771,16.84572,33.87701,37.66615,2.110833,8.584056,0.1497051
"2016-06-20 17:00:00",20721,620.1008,599.7192,0,34.486,32.748,39.421,34.66,2645.83,17.85668,16.09434,33.64096,36.90192,1.915694,7.349529,0.1377897
"2016-06-20 18:00:00",20722,619.9481,599.9329,0,33.816,30.99,41.527,35.173,2279.225,17.13835,15.48023,32.42736,37.42289,0.8299996,6.33118,0.06394708
"2016-06-20 19:00:00",20723,600.9005,599.7802,0,31.138,29.26,45.419,40,2068.935,16.62485,15.86595,30.19814,43.03712,0.118125,5.74704,0.01038614
"2016-06-20 20:00:00",20724,620.0458,599.8107,0,29.43,27.839,67.373,44.914,2056.061,21.27867,16.15511,28.88186,52.89262,1.1725,5.71128,0.05089387
"2016-06-20 21:00:00",20725,620.3755,599.7161,0,27.839,26.058,75.771,67.46,1907.958,21.55848,21.26325,26.85447,72.19677,2.052431,5.299883,0.04286909
"2016-06-20 22:00:00",20726,620.3846,599.7833,0,26.068,25.275,79.422,75.798,1845.018,21.51773,21.37422,25.69159,77.41666,0.7615975,5.125049,0.01727589
"2016-06-20 23:00:00",20727,619.9573,599.7741,0,25.306,24.835,82.098,79.361,1839.815,21.60624,21.446,25.024,80.93982,0.6689583,5.110596,0.01340532
"2016-06-21 00:00:00",20728,620.3236,599.7863,0,24.835,23.852,86.105,82.092,1831.322,21.65222,21.37273,24.38612,83.96944,0.1736805,5.087004,0.00506947
"2016-06-21 01:00:00",20729,620.3999,599.7344,0,23.932,23.441,88.334,86.062,1801.993,21.59413,21.31713,23.70094,87.24358,0,5.005535,0.002393231
"2016-06-21 02:00:00",20730,600.8822,599.9176,0,23.692,22.88,90.376,87.625,1816.091,21.54854,21.21509,23.25084,89.10613,0,5.044698,0.002393406
"2016-06-21 03:00:00",20731,600.0702,599.8596,0,22.94,22.148,93.117,89.875,1895.41,21.34062,20.82673,22.4629,91.65628,0,5.265027,0.002456536
"2016-06-21 04:00:00",20732,600.0702,599.7344,0,22.178,21.486,95.13,92.82,2089.198,21.08661,20.54708,21.75908,94.23563,0,5.803328,0.002645606
"2016-06-21 05:00:00",20733,600.0702,599.7955,0,21.927,21.556,95.246,94.554,2092.742,21.04645,20.74661,21.73735,95.00147,0,5.813171,0.002646455
"2016-06-21 06:00:00",20734,600.0702,599.7802,0,22.499,21.927,94.57,93.203,2056.906,21.38931,21.00334,22.21718,93.94371,0,5.713628,0.00262304
"2016-06-21 07:00:00",20735,620.2991,599.829,0,23.632,22.49,93.205,82.207,2025.551,21.3797,20.43602,23.13021,87.96394,0.1688889,5.626529,0.006688696
"2016-06-21 08:00:00",20736,600.9341,599.7375,0,25.365,23.632,82.291,70.791,2256.584,20.59961,19.5973,24.40829,77.57291,0.3790972,6.26829,0.01369637
"2016-06-21 09:00:00",20737,620.2625,599.7497,0,27.919,25.246,71.188,59.277,3047.71,20.19436,18.74829,26.61126,64.69106,1.236389,8.465861,0.04995324
"2016-06-21 10:00:00",20738,620.3206,599.8871,0,29.56,27.9,61.089,51.775,3696.852,19.88567,17.95375,28.51347,56.36729,1.909862,10.26903,0.09064224
"2016-06-21 11:00:00",20739,600.9219,599.7955,0,31.33,28.67,56.142,44.549,3837.625,19.96962,17.12321,29.86657,50.81169,2.034028,10.66007,0.1096292
"2016-06-21 12:00:00",20740,620.0305,599.765,0,33.199,29.63,48.751,39.853,3823.945,19.0403,16.73002,31.37425,43.9497,1.803818,10.62207,0.1149383
"2016-06-21 13:00:00",20741,620.3724,599.7772,0,33.068,31.34,44.527,37.624,3970.25,18.61027,16.31668,32.24456,40.57121,1.728056,11.02847,0.1190632
"2016-06-21 14:00:00",20742,619.9695,599.6978,0,34.505,31.81,41.296,34.448,3928.229,18.13327,16.24972,33.55374,36.98561,1.812013,10.91175,0.1336246
"2016-06-21 15:00:00",20743,620.0671,599.768,0,35.314,33.865,36.751,32.568,3392.53,17.74549,15.69718,34.43839,34.5416,1.608055,9.423693,0.1255394
"2016-06-21 16:00:00",20744,620.1526,599.9451,0,34.945,33.238,36.38,32.195,2875.523,17.03774,15.21896,33.971,34.01625,2.020208,7.987565,0.1519665
"2016-06-21 17:00:00",20745,620.0458,599.7985,0,34.416,33.117,37.175,32.238,2608.477,16.77092,15.16834,33.84034,33.73755,1.519166,7.24577,0.1181013
"2016-06-21 18:00:00",20746,619.9969,599.8107,0,33.718,31.041,39.753,33.763,2304.192,16.33659,15.21183,32.49176,36.36611,0.5891667,6.400535,0.04845569
"2016-06-21 19:00:00",20747,600.9585,599.7039,0,31.029,28.619,45.05,38.586,2097.155,15.8682,15.0571,29.91083,41.30241,0,5.825431,0.003116688
"2016-06-21 20:00:00",20748,600.8853,599.9176,0,28.65,27.039,53.447,44.419,2064.1,16.83916,15.28014,27.94531,47.46387,0,5.73361,0.002987121
"2016-06-21 21:00:00",20749,619.884,599.7589,0,27.778,25.866,57.148,50.162,2086.49,18.17842,15.81572,27.02977,54.0519,0.4155555,5.795806,0.02131163
"2016-06-21 22:00:00",20750,619.9054,599.829,0,27.348,25.705,64.703,56.791,2119.977,18.67471,17.90374,26.4422,60.87608,0,5.888825,0.002939274
"2016-06-21 23:00:00",20751,600.8853,599.8077,0,25.917,25.165,67.758,64.347,2100.693,18.89236,18.59516,25.45663,66.20659,0,5.835258,0.002865651
"2016-06-22 00:00:00",20752,619.9542,599.6978,0,25.175,24.854,72.762,67.566,2116.757,19.90903,18.72904,25.03145,70.97093,0.02305555,5.879881,0.003522838
"2016-06-22 01:00:00",20753,600.9127,599.7344,0,25.165,24.934,78.222,71.392,2110.146,21.05008,19.51164,25.03043,73.93166,0.1252083,5.861516,0.006014243
"2016-06-22 02:00:00",20754,620.3236,599.7405,0,25.114,24.554,84.808,78.222,2061.491,21.98306,21.04989,24.80585,81.86118,0.05826389,5.726365,0.003767333
"2016-06-22 03:00:00",20755,600.8853,599.9451,0,24.724,24.514,85.27,84.636,2056.156,22.03725,21.85242,24.64077,84.97578,0,5.711544,0.002712812
"2016-06-22 04:00:00",20756,600.3724,599.7466,0,24.625,24.042,88.205,85.098,2045.294,22.24893,21.79383,24.28138,86.89262,0,5.681373,0.002684873
"2016-06-22 05:00:00",20757,619.8779,599.9329,0,24.102,22.678,92.502,87.773,2026.936,21.99055,21.41049,23.35099,90.1871,0,5.630378,0.002630436
"2016-06-22 06:00:00",20758,600.8638,599.9023,0,22.73,22.208,93.906,92.458,2053.61,21.59257,21.11776,22.49396,93.34814,0,5.704472,0.002628481
"2016-06-22 07:00:00",20759,600.0824,599.7344,0,23.932,22.699,93.271,91.882,2104.951,22.5574,21.47712,22.9655,92.75935,0,5.847087,0.004860141
"2016-06-22 08:00:00",20760,619.7802,599.7955,0,27.158,23.944,91.83,77.792,2696.125,23.29419,22.55064,25.59696,84.96973,0.18,7.489237,0.008989439
"2016-06-22 09:00:00",20761,620.29,599.7375,0,27.579,26.678,78.49,71.318,2616.991,23.22897,21.52401,27.09347,75.21278,0.4409722,7.269421,0.01750601
"2016-06-22 10:00:00",20762,612.4481,599.7802,0,29.47,27.239,72.832,61.839,3151.031,22.6557,20.81341,28.37078,66.63531,1.160973,8.752865,0.04688627
"2016-06-22 11:00:00",20763,620.0183,599.7772,0,31.119,29.25,62.564,54.315,3177.83,21.78663,20.05514,29.94449,58.57618,1.61368,8.827306,0.07625193
"2016-06-22 12:00:00",20764,619.9573,599.8046,0,31.029,29.16,59.583,52.621,2604.886,21.43956,19.6026,29.82616,56.70858,1.658125,7.235794,0.0798663
"2016-06-22 13:00:00",20765,600.9371,599.8321,0,32.418,30.33,54.23,47.626,3066.771,21.09311,19.35612,31.05663,51.30983,1.454514,8.518807,0.08234641
"2016-06-22 14:00:00",20766,620.0825,599.8412,0,33.257,31.138,52.085,44.332,3107.913,20.67237,19.03917,32.05341,47.77216,1.698265,8.633091,0.1019932
"2016-06-22 15:00:00",20767,600.9097,599.7558,0,33.698,31.499,49.282,42.931,3128.509,20.10358,18.9942,32.56122,45.90598,1.827431,8.690302,0.113205
"2016-06-22 16:00:00",20768,600.9371,599.7955,0,33.925,31.688,47.418,41.446,3227.616,20.01258,18.54802,32.73396,44.86823,1.846806,8.965601,0.1168324
"2016-06-22 17:00:00",20769,620.0732,599.768,0,34.416,31.07,49.39,40.789,2670.877,19.75154,18.58189,32.661,44.3741,1.903611,7.419104,0.1196053
"2016-06-22 18:00:00",20770,620.1099,599.765,0,31.638,30.88,50.953,46.841,2222.204,19.57153,18.8345,31.38153,48.24099,1.141181,6.172789,0.06950029
"2016-06-22 19:00:00",20771,600.9127,599.7222,0,30.85,28.47,60.47,51.078,2421.468,20.18741,19.19859,29.36036,56.02125,1.645694,6.726299,0.06202938
"2016-06-22 20:00:00",20772,600.9219,599.9207,0,28.47,27.99,62.91,60.227,2633.513,20.33216,19.88651,28.18891,61.61898,0.4176388,7.315314,0.01927286
"2016-06-22 21:00:00",20773,619.9329,599.9023,0,28.298,28.048,62.267,60.902,2376.691,20.29739,19.97994,28.17759,61.56904,0.4363887,6.601919,0.01964966
"2016-06-22 22:00:00",20774,619.9603,599.9084,0,28.159,27.499,65.367,62.093,2340.001,20.57561,20.22079,27.90701,63.73203,0.3210416,6.500002,0.01478597
"2016-06-22 23:00:00",20775,600.6899,599.7497,0,27.509,27.128,67.584,65.363,2203.466,20.65822,20.39417,27.28789,66.59834,0.5046529,6.120738,0.01893138
"2016-06-23 00:00:00",20776,619.884,599.7405,0,27.158,26.448,75.852,67.58,2162.412,21.87249,20.63632,26.69902,72.90331,0.5024304,6.006699,0.01557049
"2016-06-23 01:00:00",20777,600.9341,599.7955,0,26.476,26.096,76.082,73.922,2137.309,21.9307,21.15853,26.34726,75.25664,0.4709028,5.93697,0.01366756
"2016-06-23 02:00:00",20778,620.0061,599.8412,0,26.476,25.827,74.226,68.838,2165.742,21.1754,20.22465,26.25036,70.26345,1.521737,6.01595,0.03714566
"2016-06-23 03:00:00",20779,619.9359,599.7955,0,25.827,24.484,79.046,71.926,2202.937,20.73361,20.36027,25.19871,75.51521,0.6802778,6.119268,0.01726487
"2016-06-23 04:00:00",20780,620.2503,599.7344,0,24.445,23.132,88.453,79.07,2772.745,21.23394,20.5153,23.4925,85.7468,0.2045139,7.70207,0.006093123
"2016-06-23 05:00:00",20781,600.4091,599.7619,0,24.132,23.472,85.773,80.834,2444.261,21.06937,20.59661,23.66386,83.93085,0,6.789615,0.00313624
"2016-06-23 06:00:00",20782,620.348,599.9329,0,24.334,23.722,83.382,77.222,2321.707,20.789,20.0582,23.9833,80.30214,0,6.449185,0.003020091
"2016-06-23 07:00:00",20783,600.9219,599.7955,0,24.222,23.542,81.138,78.584,2318.208,20.43182,19.96998,23.78575,80.15831,0.03069445,6.439466,0.006022702
"2016-06-23 08:00:00",20784,600.9463,599.9451,0,25.716,24.202,79.191,70.816,2796.344,20.54183,19.92307,24.91373,75.33229,0.2949306,7.767621,0.01375638
"2016-06-23 09:00:00",20785,619.9298,599.7253,0,26.678,25.666,71.792,67.336,2968.336,20.49761,19.94435,26.12769,69.81934,0.6336806,8.245378,0.02614199
"2016-06-23 10:00:00",20786,620.2259,599.7283,0,30.4,26.678,68.018,55.702,4418.405,21.5534,19.79709,28.42545,62.18409,1.51493,12.27335,0.06740869
"2016-06-23 11:00:00",20787,620.3602,599.7375,0,29.93,28.52,63.087,56.337,3639.912,21.23695,19.53366,28.9425,59.07811,1.212361,10.11087,0.05955423
"2016-06-23 12:00:00",20788,600.9982,599.7802,0,30.6,28.72,58.119,52.076,4440.791,20.42696,19.3863,29.75211,55.04271,1.714792,12.33553,0.08873158
"2016-06-23 13:00:00",20789,619.8962,599.7955,0,32.468,29.82,55.226,47.957,4997.667,21.27334,19.28437,31.05474,51.51611,1.80632,13.88241,0.1024942
"2016-06-23 14:00:00",20790,620.0886,599.6734,0,32.248,30.33,54.011,47.5,4583.698,20.74933,19.29087,31.10047,50.75286,1.714514,12.73249,0.09885921
"2016-06-23 15:00:00",20791,619.9023,599.8321,0,34.095,31.34,50.61,42.132,4868.858,20.73074,19.03917,32.57982,46.36391,1.615277,13.52461,0.1047573
"2016-06-23 16:00:00",20792,620.058,599.7833,0,33.587,31.81,47.204,41.402,4207.109,20.01586,18.53989,32.8002,44.40753,1.828472,11.68641,0.1189353
"2016-06-23 17:00:00",20793,619.884,599.6856,0,33.296,31.41,46.217,41.961,3189.765,19.24267,18.20512,32.25916,44.40009,1.309722,8.860457,0.08702774
"2016-06-23 18:00:00",20794,619.942,599.9451,0,32.828,30.638,48.068,43.185,2705.563,18.94943,18.12994,31.56449,45.69202,0.9102781,7.515454,0.06095472
"2016-06-23 19:00:00",20795,600.3174,599.8107,0,30.65,28.098,54.769,47.708,2501.442,18.41082,18.07707,29.09608,51.92707,0.002152778,6.948451,0.003629754
"2016-06-23 20:00:00",20796,600.0702,599.7497,0,28.208,26.106,63.453,54.423,2526.598,18.83232,18.06613,27.20457,58.41541,0,7.018327,0.003456008
"2016-06-23 21:00:00",20797,620.4304,599.7497,0,26.726,25.447,69.738,63.163,2528.638,20.65592,18.50588,25.82389,65.66602,0.1411805,7.023994,0.008177008
"2016-06-23 22:00:00",20798,619.9573,599.8565,0,26.867,26.016,75.324,68.988,2527.489,21.32804,20.49005,26.32284,71.54056,0.07076389,7.020803,0.005400933
"2016-06-23 23:00:00",20799,620.3755,599.765,0,26.046,25.566,81.886,75.386,2538.755,22.28296,21.3592,25.74468,79.39185,0,7.052098,0.003324831
"2016-06-24 00:00:00",20800,620.3358,599.7497,0,25.586,25.156,84.66,81.886,2508.116,22.44303,22.24067,25.30712,83.65816,0,6.96699,0.003258615
"2016-06-24 01:00:00",20801,600.9188,599.7589,0,25.286,25.085,85.775,84.636,2481.08,22.63166,22.38901,25.18109,85.15266,0,6.89189,0.003217493
"2016-06-24 02:00:00",20802,620.3358,599.7344,0,25.114,24.995,86.125,84.996,2413.193,22.59375,22.31795,25.04749,85.76116,0.1409722,6.703313,0.005029288
"2016-06-24 03:00:00",20803,619.8688,599.8107,0,25.005,24.774,86.082,84.992,2341.535,22.40936,22.24184,24.88201,85.56065,0.1327083,6.504265,0.004857921
"2016-06-24 04:00:00",20804,620.2869,599.826,0,24.954,24.815,86.42,84.777,2302.147,22.47311,22.1882,24.89581,85.54375,0.2679861,6.394852,0.006550799
"2016-06-24 05:00:00",20805,620.2625,599.884,0,24.946,24.343,86.968,84.83,2216.108,22.25916,22.0385,24.76988,85.40927,0.5814584,6.155855,0.0101289
"2016-06-24 06:00:00",20806,620.3174,599.7619,0,24.343,23.212,92.195,86.968,2083.106,22.08949,21.85765,23.7611,89.73063,0,5.786406,0.002705538
"2016-06-24 07:00:00",20807,600.348,599.7955,0,24.464,22.95,93.882,90.572,2275.164,23.10871,21.7951,23.27914,93.08908,0,6.3199,0.005218835
"2016-06-24 08:00:00",20808,600.8975,599.7344,0,26.087,24.314,90.52,78.432,3730.057,22.92288,21.65155,25.26175,84.37366,0.76,10.36127,0.01980319
"2016-06-24 09:00:00",20809,600.9829,599.7466,0,26.938,25.275,80.918,70.863,3895.278,21.94011,20.97568,25.93691,76.14586,1.055972,10.82022,0.03320675
"2016-06-24 10:00:00",20810,619.884,599.8412,0,28.38,26.546,72.531,64.755,4396.117,21.87736,20.8724,27.43355,69.05871,1.0325,12.21144,0.04206449
"2016-06-24 11:00:00",20811,620.3419,599.7375,0,28.66,27.57,67.91,58.609,4164.148,21.50261,19.48046,28.26997,62.39589,1.149861,11.56708,0.05356659
"2016-06-24 12:00:00",20812,619.8474,599.8321,0,30.27,28.138,60.798,53.621,4389.63,20.76459,19.25268,29.28918,56.85691,1.052847,12.19342,0.05757251
"2016-06-24 13:00:00",20813,619.9939,599.8412,0,32.226,29.26,58.029,47.044,5063.229,21.31748,19.23383,30.80205,52.30687,1.242292,14.06453,0.07466479
"2016-06-24 14:00:00",20814,620.2991,599.8077,0,33.587,30.47,54.717,43.07,5002.611,21.23838,18.98582,31.90101,49.14732,1.030625,13.89614,0.06909098
"2016-06-24 15:00:00",20815,620.3633,599.9329,0,34.745,32.218,49.095,38.359,4679.401,20.9994,18.2628,33.58784,42.74953,1.063611,12.99834,0.07960572
"2016-06-24 16:00:00",20816,619.9664,599.7955,0,35.183,31.33,46.12,36.766,3594.063,20.03912,17.43069,33.10814,41.51826,1.063472,9.983507,0.07816916
"2016-06-24 17:00:00",20817,620.1496,599.7497,0,34.755,31.22,47.141,37.821,3317.468,18.8119,17.32444,32.98645,41.03924,0.9381945,9.215188,0.07015679
"2016-06-24 18:00:00",20818,620.0825,599.8107,0,33.277,30.65,46.263,39.261,2600.889,18.42618,17.2422,31.90697,42.79478,0.2284028,7.224691,0.02161541
"2016-06-24 19:00:00",20819,600.9829,599.765,0,30.97,28.138,54.281,43.875,2297.612,18.20442,17.19673,29.67788,48.21703,0.05013888,6.382257,0.006138264
"2016-06-24 20:00:00",20820,600.9219,599.765,0,28.228,25.724,62.976,52.072,2272.334,19.58311,17.32915,26.83119,58.18036,0.1953472,6.312038,0.01133349
"2016-06-24 21:00:00",20821,620.058,599.8565,0,28.06,26.738,67.058,60.372,2361.162,20.16983,19.48701,27.46236,63.95623,1.350903,6.558784,0.04253083
"2016-06-24 22:00:00",20822,620.0305,599.6887,0,26.738,25.525,71.926,67.054,2316.232,20.25777,20.09214,26.14922,69.57437,0.5355555,6.433979,0.01797214
"2016-06-24 23:00:00",20823,619.9481,599.7924,0,25.537,24.995,77.328,71.988,2300.49,20.87405,20.10871,25.18713,74.76797,0.1233333,6.390251,0.006089163
"2016-06-25 00:00:00",20824,620.3633,599.7802,0,25.094,24.484,84.605,77.266,2307.95,21.83655,20.8384,24.82444,80.79146,0.2531945,6.410974,0.007548174
"2016-06-25 01:00:00",20825,621.7033,599.8626,0,24.535,24.112,86.871,84.57,2274.54,21.93151,21.71043,24.32078,85.92148,0.03319445,6.318167,0.00340057
"2016-06-25 02:00:00",20826,600.8975,599.7375,0,24.314,24.073,88.64,86.82,2285.031,22.19651,21.84062,24.20293,87.4282,0,6.34731,0.002956096
"2016-06-25 03:00:00",20827,600.928,599.8412,0,24.132,23.712,90.414,88.632,2272.532,22.22421,22.03505,23.95136,89.55016,0,6.312588,0.002927147
"2016-06-25 04:00:00",20828,620.3389,599.7375,0,23.872,23.462,91.734,90.354,2260.462,22.36659,21.97556,23.71577,91.16964,0.01847222,6.279061,0.003050861
"2016-06-25 05:00:00",20829,619.9847,599.6856,0,23.812,23.232,92.43,91.042,2240.287,22.28666,21.90397,23.54318,91.52386,0.0075,6.223018,0.002930526
"2016-06-25 06:00:00",20830,600.0702,599.8535,0,23.281,22.699,94.264,92.054,2305.332,22.0074,21.68242,22.96151,93.44508,0,6.403699,0.002923356
"2016-06-25 07:00:00",20831,600.0702,599.7253,0,23.05,22.388,95.296,93.918,2476.847,22.09327,21.52491,22.67953,94.65915,0.002777778,6.880132,0.005599943
"2016-06-25 08:00:00",20832,600.8242,599.7344,0,24.954,23.07,94.236,79.434,2718.018,22.33902,21.12121,23.97072,88.09629,0.1106944,7.550051,0.007478017
"2016-06-25 09:00:00",20833,600.9249,599.8657,0,27.829,24.925,79.996,66.136,3697.119,21.81526,20.66911,26.45883,72.97206,0.3190972,10.26978,0.01734577
"2016-06-25 10:00:00",20834,620.2381,599.9023,0,30.478,27.499,67.34,55.093,5340.302,21.46667,19.79644,29.14014,60.52213,1.643333,14.83417,0.077421
"2016-06-25 11:00:00",20835,600.9371,599.7802,0,32.408,29.201,58.462,45.946,5819.208,20.78696,19.10793,30.77704,52.12392,2.023333,16.16447,0.1122222
"2016-06-25 12:00:00",20836,619.9695,599.8168,0,33.158,30.52,50.937,42.216,5784.664,21.05864,18.27767,32.00776,46.98416,2.089375,16.06851,0.1288503
"2016-06-25 13:00:00",20837,620.0794,599.7955,0,34.005,32.218,47.113,39.419,5907.292,20.00459,17.89126,33.23481,42.0032,2.253402,16.40915,0.1521162
"2016-06-25 14:00:00",20838,620.1343,599.7741,0,34.765,31.728,43.458,36.626,5152.943,19.31737,16.90563,33.26789,40.04039,1.935139,14.31373,0.1368589
"2016-06-25 15:00:00",20839,620.0916,599.7802,0,35.612,32.498,41.113,32.525,4915.176,18.19704,15.93741,34.22474,35.49413,1.76507,13.65327,0.1370692
"2016-06-25 16:00:00",20840,619.9817,599.7253,0,35.195,32.998,37.586,32.162,4021.801,17.97419,15.63896,33.97481,34.75467,1.712709,11.17167,0.1326131
"2016-06-25 17:00:00",20841,620.0702,599.9207,0,34.933,33.177,36.625,32.15,3516.68,16.76431,15.53306,34.01418,34.01051,1.454722,9.768555,0.1154964
"2016-06-25 18:00:00",20842,620.0702,599.8718,0,33.996,31.54,37.217,33.61,2619.486,16.13817,14.66723,32.32803,35.5536,0.7765973,7.276349,0.06267356
"2016-06-25 19:00:00",20843,600.0732,599.8107,0,31.579,29.439,41.632,36.326,2529.268,15.31266,14.85189,30.35242,39.514,0.1145833,7.025745,0.01122091
"2016-06-25 20:00:00",20844,619.9756,599.7527,0,29.609,27.938,61.007,40.843,2531.513,19.80129,14.76848,28.92667,52.65449,1.47493,7.03198,0.06106332
"2016-06-25 21:00:00",20845,620.0305,599.7955,0,27.928,26.578,68.336,61.004,2507.281,20.32613,19.69995,27.13863,65.24474,1.167083,6.964671,0.03687745
"2016-06-25 22:00:00",20846,620.0183,599.8718,0,26.628,25.516,74.73,68.275,2500.771,20.74375,20.28801,26.05843,71.42209,1.27618,6.946585,0.03186705
"2016-06-25 23:00:00",20847,619.942,599.8351,0,25.525,24.632,82.542,74.754,2477.696,21.51932,20.71249,25.1173,78.56429,0.8016668,6.882489,0.01750703
"2016-06-26 00:00:00",20848,619.881,599.71,0,24.644,23.912,88.193,82.533,2404.458,22.07452,21.37101,24.21112,85.3991,0.07722223,6.679049,0.004165724
"2016-06-26 01:00:00",20849,619.8474,599.7497,0,24.194,23.862,89.986,88.012,2330.545,22.22298,21.98101,24.03847,88.94592,0.3860416,6.473737,0.006657669
"2016-06-26 02:00:00",20850,620.2991,599.7344,0,23.903,23.12,92.906,89.838,2287.346,22.19704,21.80874,23.52298,91.20786,0,6.353739,0.002926537
"2016-06-26 03:00:00",20851,600.2991,599.7344,0,23.132,21.807,95.123,92.656,2378.22,21.94217,20.98189,22.49619,93.96315,0,6.606167,0.002989636
"2016-06-26 04:00:00",20852,620.2625,599.7802,0,21.968,21.125,97.682,95.052,2549.381,21.35458,20.71777,21.57386,96.43264,0,7.081614,0.003140953
"2016-06-26 05:00:00",20853,600.0702,599.8382,0,21.788,20.794,99.926,97.014,2679,21.38136,20.41662,21.17025,97.73887,0,7.441666,0.00326425
"2016-06-26 06:00:00",20854,600.9158,599.7802,0,22.138,21.766,97.304,89.828,2557.01,21.41242,20.25786,21.98768,93.13621,0,7.102807,0.003174794
"2016-06-26 07:00:00",20855,600.8822,599.7497,0,23.842,21.788,89.848,80.084,2681.841,20.34538,19.97807,22.39581,86.96286,0,7.449558,0.006029422
"2016-06-26 08:00:00",20856,620.2259,599.8107,0,26.636,23.792,80.318,67.988,3576.476,20.58212,20.00517,25.10928,74.54826,0.5084028,9.934655,0.02088471
"2016-06-26 09:00:00",20857,600.9371,599.8932,0,28.609,26.408,69.126,58.208,4591.247,20.5859,19.16772,27.29737,64.09035,1.609931,12.75346,0.06654575
"2016-06-26 10:00:00",20858,619.942,599.7802,0,30.541,27.99,59.806,49.134,5190.396,19.59297,17.79552,29.04066,54.17668,2.163542,14.41777,0.1090166
"2016-06-26 11:00:00",20859,619.8993,599.7497,0,31.43,29.24,51.175,41.361,5527.952,18.86765,16.57397,30.37842,46.89875,2.328126,15.35542,0.1363204
"2016-06-26 12:00:00",20860,620.0825,599.7741,0,32.957,30.76,45.939,36.144,5674.489,18.27779,15.69407,31.60561,41.59305,2.015973,15.76247,0.1355216
"2016-06-26 13:00:00",20861,600.9829,599.9023,0,33.996,31.56,41.995,32.88,5937.234,17.30747,14.7737,33.25307,35.78954,2.139723,16.49232,0.1602056
"2016-06-26 14:00:00",20862,619.9756,599.765,0,35.083,31.82,38.569,30.652,5127.224,16.99688,14.67565,33.74589,34.07921,2.081944,14.24229,0.1600373
"2016-06-26 15:00:00",20863,620.0061,599.9023,0,35.423,33.218,35.931,30.05,4683.673,16.62677,15.08282,34.14452,33.1147,2.253611,13.0102,0.1736055
"2016-06-26 16:00:00",20864,620.0671,599.8565,0,35.333,33.087,33.593,30.386,4253.715,16.31575,14.29716,34.586,31.72889,2.043334,11.81587,0.1630866
"2016-06-26 17:00:00",20865,620.3633,599.9268,0,34.745,32.636,35.122,31.346,3560.602,16.11482,14.54041,33.65096,33.01517,1.636249,9.890561,0.1290612
"2016-06-26 18:00:00",20866,620.1221,599.7222,0,33.706,31.65,37.922,32.598,2984.896,15.6174,14.80751,32.66301,34.91227,1.299097,8.291378,0.1001965
"2016-06-26 19:00:00",20867,620.0427,599.7375,0,31.688,30.32,43.513,37.888,2637.172,16.61242,15.58659,30.84033,41.28919,0.8436112,7.325478,0.05132252
"2016-06-26 20:00:00",20868,600.8975,599.7772,0,30.72,30.18,45.134,43.314,2651.298,17.30352,16.53312,30.40017,44.46526,1.364236,7.364717,0.0697736
"2016-06-26 21:00:00",20869,619.9237,599.7497,0,30.439,29.77,47.638,45.193,2645.506,17.52787,17.20793,30.12977,46.23693,1.843889,7.348628,0.08336485
"2016-06-26 22:00:00",20870,620.0764,599.8565,0,29.779,26.938,65.574,47.667,2577.415,19.96051,17.43447,28.10977,58.96545,1.618126,7.159487,0.05569541
"2016-06-26 23:00:00",20871,620.3755,599.7802,0,26.938,26.198,70.058,65.574,2525.806,20.37239,19.90222,26.54487,67.98906,1.522986,7.016128,0.04048092
"2016-06-27 00:00:00",20872,620.2015,599.7711,0,26.938,26.198,66.744,60.344,2525.217,20.06139,18.56273,26.67583,62.07779,2.107986,7.014493,0.05903882
"2016-06-27 01:00:00",20873,619.9817,599.829,0,26.257,26.077,64.457,62.886,2481.744,18.92305,18.60721,26.15635,63.8657,0.67625,6.893734,0.02502145
"2016-06-27 02:00:00",20874,601.1569,599.8107,0,26.578,26.198,62.824,58.46,2450.471,18.62821,17.75828,26.42613,60.88519,1.495764,6.806864,0.04812056
"2016-06-27 03:00:00",20875,619.9451,599.7375,0,26.538,25.697,64.39,58.795,2453.31,18.50192,17.75639,26.19769,60.61192,1.34868,6.81475,0.04481934
"2016-06-27 04:00:00",20876,619.939,599.8046,0,25.716,24.724,70.148,64.324,2420.08,18.95781,18.43758,25.19375,67.53983,1.785,6.722443,0.04375463
"2016-06-27 05:00:00",20877,620.3389,599.7955,0,24.716,24.292,72.762,70.174,2387.641,19.17076,18.92826,24.45763,71.95662,1.175138,6.632335,0.0283
"2016-06-27 06:00:00",20878,620.2167,599.8687,0,24.314,23.792,74.08,72.496,2373.661,19.09616,18.7961,24.07575,73.18162,1.570764,6.593503,0.03255561
"2016-06-27 07:00:00",20879,619.9115,599.9084,0,24.574,23.632,74.742,71.027,2518.142,19.223,18.76449,24.07624,72.84058,0.5556946,6.994838,0.02048658
"2016-06-27 08:00:00",20880,600.9188,599.9207,0,25.184,24.353,72.14,68.031,2811.184,19.13423,18.72463,24.68879,70.18729,0.7286112,7.808843,0.02759577
"2016-06-27 09:00:00",20881,620.3267,599.7955,0,26.957,25.044,69.039,57.195,3224.27,19.23356,17.47734,25.95579,63.508,1.385764,8.956305,0.05598524
"2016-06-27 10:00:00",20882,600.9585,599.8871,0,27.098,26.437,59.653,53.98,3346.476,18.34631,16.71312,26.79893,56.55715,2.14875,9.295768,0.09538992
"2016-06-27 11:00:00",20883,619.9725,599.8871,0,29.298,26.777,57.353,50.681,4105.753,18.83425,17.15606,28.31733,53.51394,1.998958,11.40487,0.100167
"2016-06-27 12:00:00",20884,620.348,599.8412,0,31.638,28.458,52.964,43.21,4356.689,18.65831,16.90107,29.59263,48.85208,1.83493,12.10192,0.1048961
"2016-06-27 13:00:00",20885,619.9207,599.7802,0,33.238,29.619,47.191,34.955,4635.608,17.83393,15.35811,31.33689,41.56054,2.035347,12.87669,0.1339009
"2016-06-27 14:00:00",20886,600.9738,599.7344,0,33.765,31.589,38.206,31.536,4785.193,16.45118,14.11099,32.65836,34.85874,2.631528,13.2922,0.1883437
"2016-06-27 15:00:00",20887,619.9084,599.9329,0,34.134,31.79,37.929,32.373,3977.744,16.36329,14.46053,32.60028,34.95087,1.984792,11.04929,0.1466467
"2016-06-27 16:00:00",20888,620.1252,599.8107,0,32.878,31.74,38.457,33.826,3220.585,16.10397,14.14273,32.19204,35.58758,1.943542,8.946071,0.1401767
"2016-06-27 17:00:00",20889,620.0977,599.8077,0,32.136,31.509,38.06,33.392,2724.031,15.70245,14.03679,31.83172,35.2613,1.38,7.566751,0.1031466
"2016-06-27 18:00:00",20890,620.0366,599.829,0,31.618,30.85,38.041,35.044,2532.037,15.13768,14.3209,31.23907,36.68858,1.626112,7.033435,0.1149716
"2016-06-27 19:00:00",20891,619.7192,599.7375,0,30.939,30.1,40.306,37.644,2535.959,15.19042,14.81348,30.55889,38.82102,0.5320832,7.044331,0.03653767
"2016-06-27 20:00:00",20892,600.0854,599.7833,0,30.1,28.609,45.507,40.036,2528.543,15.73416,15.02151,29.43163,42.31484,0,7.023731,0.003626492
"2016-06-27 21:00:00",20893,620.0336,599.7283,0,28.88,27.018,64.589,44.621,2530.172,19.84891,15.38388,27.89316,56.36044,1.391875,7.028255,0.05282582
"2016-06-27 22:00:00",20894,620.0732,599.8321,0,27.058,26.016,70.476,64.556,2526.145,20.26213,19.8105,26.44478,67.70122,0.8418055,7.017068,0.02680675
"2016-06-27 23:00:00",20895,620.0183,599.7344,0,26.038,25.204,74.402,70.445,2531.67,20.35783,20.15643,25.64467,72.03565,0.2865973,7.032416,0.0109485
"2016-06-28 00:00:00",20896,620.0641,599.9329,0,25.196,24.554,78.84,74.396,2527.937,20.7318,20.3156,24.81759,76.83365,0.08319443,7.022048,0.005171381
"2016-06-28 01:00:00",20897,619.9084,599.8443,0,24.584,24.375,81.062,78.84,2517.735,20.99296,20.68031,24.47271,80.20131,0,6.993709,0.003259991
"2016-06-28 02:00:00",20898,619.9969,599.6978,0,24.404,23.732,84.234,81.062,2533.462,20.99766,20.85585,24.03459,82.76978,0,7.037395,0.003254117
"2016-06-28 03:00:00",20899,600.9249,599.7985,0,23.782,22.85,86.684,84.094,2526.36,20.99071,20.44283,23.34711,85.21149,0,7.017667,0.003214578
"2016-06-28 04:00:00",20900,600.3938,599.8626,0,23.222,22.128,88.316,85.094,2519.497,20.80641,20.01344,22.69532,86.97141,0.01909722,6.998604,0.003406913
"2016-06-28 05:00:00",20901,600.8028,599.8412,0,22.118,21.355,91.605,87.726,2535.165,20.13917,19.81905,21.64937,90.28378,0,7.042125,0.003147785
"2016-06-28 06:00:00",20902,600.0763,599.9451,0,21.636,21.365,91.988,90.648,2585.025,20.25704,19.88705,21.48022,91.2745,0.002569444,7.180626,0.003212527
"2016-06-28 07:00:00",20903,620.2869,599.8565,0,23.984,21.164,92.322,82.558,2809.92,21.12151,19.78961,22.12096,89.96763,0.001388889,7.805333,0.006261609
"2016-06-28 08:00:00",20904,619.8627,599.7497,0,25.044,23.712,82.742,77.266,3319.051,21.12055,20.10306,24.21435,79.52353,0.2589584,9.219585,0.01269924
"2016-06-28 09:00:00",20905,600.9371,599.7436,0,27.528,24.382,78.988,67.418,4463.034,21.59306,20.23417,26.0212,72.49736,0.7486113,12.39732,0.03039924
"2016-06-28 10:00:00",20906,619.9512,599.8535,0,27.978,26.558,68.422,61.003,4252.838,21.23684,18.73528,27.04449,64.47013,1.590138,11.81344,0.06434437
"2016-06-28 11:00:00",20907,620.348,599.884,0,30.26,27.438,61.275,49.771,5027.771,19.77933,18.10391,28.82864,55.36938,1.887639,13.96603,0.09484481
"2016-06-28 12:00:00",20908,620.3724,599.8687,0,31.42,28.82,53.4,46.81,4788.048,19.75716,17.72228,29.88954,50.49694,2.17493,13.30013,0.1185017
"2016-06-28 13:00:00",20909,620.3358,599.7802,0,32.188,29.56,51.101,43.73,4765.194,19.65533,17.50954,30.81828,47.1677,2.033889,13.23665,0.1210643
"2016-06-28 14:00:00",20910,619.9481,599.826,0,33.199,30.22,47.718,40.541,4991.395,18.99417,17.35679,31.96315,43.48819,1.991528,13.86499,0.1295811
"2016-06-28 15:00:00",20911,620.1618,599.765,0,34.105,31.57,43.594,37.351,4397.938,18.80421,16.94676,32.74824,40.21783,1.890486,12.21649,0.1311602
"2016-06-28 16:00:00",20912,620.3358,599.8412,0,34.384,31.47,41.853,35.694,3866.256,18.07304,16.475,33.00432,38.68546,1.541459,10.7396,0.1123658
"2016-06-28 17:00:00",20913,620.0855,599.7955,0,33.587,31.97,40.22,36.148,3668.696,17.38154,16.04339,33.0129,37.49483,1.610209,10.19082,0.1183259
"2016-06-28 18:00:00",20914,619.9817,599.7344,0,33.128,30.82,41.311,36.945,3100.164,16.90353,15.9897,31.9584,39.15656,0.9012501,8.611567,0.06825685
"2016-06-28 19:00:00",20915,619.9451,599.71,0,30.85,29.4,45.287,41.078,2834.064,16.47694,16.09214,30.068,43.25935,0.1932639,7.872399,0.01568992
"2016-06-28 20:00:00",20916,620.0458,599.9023,0,30.041,29.541,45.535,44.368,2839.763,16.80302,16.27717,29.77945,44.90751,0.3614582,7.888232,0.02440023
"2016-06-28 21:00:00",20917,600.9432,599.765,0,30.201,26.998,60.578,44.113,2837.911,18.75105,16.60751,28.9258,49.6813,1.270694,7.883086,0.05839023
"2016-06-28 22:00:00",20918,620.3724,599.7497,0,27.018,25.365,71.012,60.67,2837.928,19.77562,18.75552,26.11106,66.42041,0.7079862,7.883134,0.02458534
"2016-06-28 23:00:00",20919,600.9371,599.7833,0,25.355,24.093,77.844,70.914,2832.09,20.03218,19.55959,24.63688,74.38924,0,7.866916,0.003652335
"2016-06-29 00:00:00",20920,620.4365,599.9298,0,24.173,23.35,84.176,77.844,2843.239,20.60631,19.99822,23.82979,80.7858,0,7.897885,0.003608878
"2016-06-29 01:00:00",20921,620.3633,599.8351,0,23.482,22.95,89.05,84.098,2839.556,21.13938,20.56458,23.1929,86.79191,0,7.887656,0.003557773
"2016-06-29 02:00:00",20922,600.9127,599.7802,0,22.96,22.63,90.492,88.504,2843.272,21.19267,20.82977,22.77954,89.92066,0,7.897978,0.003534856
"2016-06-29 03:00:00",20923,600.3388,600.0153,0,22.74,22.308,91.464,89.728,2866.854,21.07593,20.67705,22.46008,90.93737,0,7.963484,0.003545203
"2016-06-29 04:00:00",20924,600.525,599.939,0,22.579,21.917,92.644,90.902,2921.603,21.08279,20.62041,22.32544,91.38901,0,8.115562,0.003599364
"2016-06-29 05:00:00",20925,600.9005,599.8626,0,22.088,21.365,93.296,79.43,2949.248,20.79285,18.36013,21.78592,88.92525,0.001527778,8.192355,0.003630333
"2016-06-29 06:00:00",20926,619.8474,599.7497,0,22.078,21.225,79.398,74.457,2938.658,18.35881,16.61738,21.61072,77.66151,0,8.162938,0.003634453
"2016-06-29 07:00:00",20927,619.765,599.7344,0,23.171,21.014,74.394,66.836,3058.741,16.77588,16.1646,21.74416,71.77821,0,8.496504,0.00683052
"2016-06-29 08:00:00",20928,620.2625,599.8107,0,26.077,23.132,67.115,53.49,3567.204,16.79933,15.66677,24.81477,58.94832,0.5248611,9.908901,0.02944436
"2016-06-29 09:00:00",20929,619.8871,599.7802,0,27.589,25.878,55.069,46.441,4112.82,16.75426,14.80126,26.50335,51.72153,1.430694,11.4245,0.07636488
"2016-06-29 10:00:00",20930,620.0427,599.7772,0,28.74,26.818,49.765,42.198,4634.948,16.00219,14.24594,27.65916,45.69302,2.165278,12.87486,0.1228978
"2016-06-29 11:00:00",20931,600.9829,599.7436,0,30.24,27.82,45.925,39.5,5034.01,16.07555,14.33358,29.11733,42.391,2.314445,13.98336,0.1418464
"2016-06-29 12:00:00",20932,620.058,599.8535,0,31.688,29.4,43.269,36.584,5302.898,16.0237,14.28082,30.45023,39.27443,2.130764,14.73027,0.1432503
"2016-06-29 13:00:00",20933,600.9341,599.7497,0,32.758,30.52,41.041,34.513,5308.747,16.60002,14.40516,31.7571,36.84636,1.847152,14.74652,0.1350482
"2016-06-29 14:00:00",20934,620.0305,599.8718,0,33.925,31.99,37.843,32.273,5041.198,16.71748,14.17899,32.92954,34.4439,1.466527,14.00333,0.1169609
"2016-06-29 15:00:00",20935,619.8962,599.7497,0,34.166,32.617,36.316,30.69,4793.459,15.9907,14.20641,33.49745,32.66889,1.834375,13.31517,0.1454301
"2016-06-29 16:00:00",20936,619.9878,599.8932,0,34.595,32.976,34.078,30.064,4183.786,15.9946,13.969,33.73144,31.71079,1.730972,11.62163,0.1394959
"2016-06-29 17:00:00",20937,620.0183,599.7955,0,34.265,32.957,32.688,30.164,3633.115,14.97141,13.92716,33.56967,31.48046,1.439166,10.09198,0.1179924
"2016-06-29 18:00:00",20938,620.0336,599.7497,0,33.448,31,35.71,31.602,2971.039,14.79123,13.77365,32.29591,33.28305,0.8968749,8.252886,0.07398112
"2016-06-29 19:00:00",20939,600.4243,599.7802,0,31.02,28.4,40.587,35.292,2620.458,14.06981,13.56528,29.63646,37.89653,0.009722223,7.279048,0.004443244
"2016-06-29 20:00:00",20940,619.8779,599.7985,0,28.728,27.319,43.08,39.41,2639.458,13.9105,13.45334,27.80736,41.72711,0.008611111,7.331827,0.004248838
"2016-06-29 21:00:00",20941,600.9707,599.9634,0,27.458,25.516,53.228,42.388,2675.842,15.48735,13.52218,26.84601,46.15188,0.01138889,7.432895,0.004336444
"2016-06-29 22:00:00",20942,620.3755,599.7131,0,26.668,24.786,57.031,49.525,2703.045,16.58921,14.01068,25.78888,53.74141,0.1822917,7.508458,0.01194301
"2016-06-29 23:00:00",20943,600.3724,599.8351,0,25.376,24.194,62.931,56.999,2705.179,17.18123,16.10411,24.70928,60.44049,0,7.514387,0.003571729
"2016-06-30 00:00:00",20944,600.8792,600.0977,0,24.632,22.228,71.953,62.433,2713.896,17.73648,16.66727,23.44917,67.46516,0,7.538599,0.003501226
"2016-06-30 01:00:00",20945,600.8272,599.7741,0,22.298,21.476,75.826,71.613,2716.939,17.34235,16.5531,21.87504,73.72735,0,7.547053,0.003415202
"2016-06-30 02:00:00",20946,600.8516,599.7894,0,21.898,20.724,78.605,75.386,2726.148,17.65852,16.84939,21.29936,77.41916,0,7.572632,0.003387379
"2016-06-30 03:00:00",20947,600.5586,600.1984,0,21.365,20.764,81.066,78.38,2745.503,17.59085,16.90071,21.0553,79.33288,0,7.626396,0.003391338
"2016-06-30 04:00:00",20948,600.58,599.9939,0,21.024,20.09,83.066,80.226,2730.861,17.64848,17.05792,20.60114,81.20272,0,7.585726,0.003348997
"2016-06-30 05:00:00",20949,600.8608,599.9481,0,20.352,19.238,86.46,82.8,2730.118,17.48266,16.85606,19.8878,84.34908,0,7.58366,0.003305884
"2016-06-30 06:00:00",20950,620.3236,599.7497,0,22.93,19.448,86.434,61.46,2754.966,17.38208,15.08122,21.11969,74.02923,0.04263889,7.652684,0.004429301
"2016-06-30 07:00:00",20951,620.348,599.9451,0,23.903,22.509,62.974,51.712,2913.737,15.13203,13.15109,23.22244,56.98273,0.3751388,8.093714,0.02233878
"2016-06-30 08:00:00",20952,620.3389,599.7955,0,25.756,23.662,52.232,41.661,3620.512,13.43558,11.59115,24.8916,46.5439,0.6763196,10.05698,0.04387043
"2016-06-30 09:00:00",20953,620.0031,599.7375,0,27.829,25.516,43.167,35.755,4280.667,12.72254,11.05503,26.66108,39.5281,1.096667,11.89074,0.0757287
"2016-06-30 10:00:00",20954,620.0702,599.765,0,29.138,26.928,39.966,32.556,4850.896,13.33032,10.70734,28.02199,36.68966,1.669999,13.47471,0.1156692
"2016-06-30 11:00:00",20955,619.9359,599.7955,0,30.689,27.618,37.843,29.622,5302.966,12.82693,10.38423,29.22922,33.23436,1.786389,14.73046,0.1322493
"2016-06-30 12:00:00",20956,620.0305,599.7405,0,31.829,29.49,33.841,27.972,5563.536,12.75322,10.41394,30.85114,30.08336,2.080416,15.45427,0.161785
"2016-06-30 13:00:00",20957,619.8962,599.7802,0,32.738,31.138,32.556,27.598,5540.344,13.44233,10.96824,32.01384,29.12167,1.792571,15.38984,0.1476124
"2016-06-30 14:00:00",20958,620.4243,599.8718,0,34.156,32.258,30.786,26.216,5204.51,13.78416,11.39357,33.06239,27.95972,1.918819,14.45697,0.1606917
"2016-06-30 15:00:00",20959,620.0641,599.9451,0,35.234,33.058,28.83,23.747,4812.792,13.38883,11.02914,33.99871,26.12514,1.734028,13.36887,0.1523994
"2016-06-30 16:00:00",20960,620.1313,599.765,0,35.093,33.577,27.41,23.075,4166.579,12.99956,10.43634,34.3471,24.86119,1.673333,11.57383,0.1495992
"2016-06-30 17:00:00",20961,620.1618,599.7985,0,35.035,32.768,28.016,23.438,3560.47,12.5784,10.15311,33.92612,25.06404,1.485208,9.890195,0.132455
"2016-06-30 18:00:00",20962,620.0671,599.8107,0,33.308,30.701,30.544,23.642,2916.522,13.32592,8.75106,32.19756,25.34524,0.9513883,8.101451,0.08609625
"2016-06-30 19:00:00",20963,619.9329,599.7955,0,30.76,28.76,30.004,25.64,2797.275,9.954201,8.815001,29.69373,27.91351,0.04375,7.770207,0.007533164
"2016-06-30 20:00:00",20964,619.9603,599.765,0,28.88,26.578,34.554,29.288,2844.572,10.0621,9.190184,27.75137,31.97886,0,7.901589,0.004029035
"2016-06-30 21:00:00",20965,600.7753,599.7497,0,26.568,23.772,47.308,34.203,2872.454,12.45701,9.514963,25.32425,40.55741,0.02298611,7.97904,0.005287019
"2016-06-30 22:00:00",20966,620.0061,599.7497,0,25.396,22.92,59.652,46.041,2910.013,16.46941,11.12307,24.78648,50.63682,0.04618056,8.08337,0.006134319
"2016-06-30 23:00:00",20967,600.4152,599.8199,0,25.094,24.173,72.296,59.642,2898.803,18.9748,16.3979,24.57993,67.02766,0.0604861,8.05223,0.005715391
